2024-08-14 11:58:07.849 | tput: No value for $TERM and no -T specified
2024-08-14 11:58:07.849 | tput: No value for $TERM and no -T specified
2024-08-14 11:58:07.849 | +./stack.sh:main:515                       exec
2024-08-14 11:58:07.849 | tput: No value for $TERM and no -T specified
2024-08-14 11:58:07.849 | tput: No value for $TERM and no -T specified
2024-08-14 11:58:07.849 | tput: No value for $TERM and no -T specified
2024-08-14 11:58:07.849 | ++./stack.sh:main:515                       /usr/bin/python3.10 /opt/stack/devstack/tools/outfilter.py -o /tmp/devstack_logs/devstacklog.txt.2024-08-14-115807.summary.2024-08-14-115807
2024-08-14 11:58:07.849 | tput: No value for $TERM and no -T specified
2024-08-14 11:58:07.849 | +./stack.sh:main:523                       echo_summary 'stack.sh log /tmp/devstack_logs/devstacklog.txt.2024-08-14-115807'
2024-08-14 11:58:07.849 | tput: No value for $TERM and no -T specified
2024-08-14 11:58:07.849 | tput: No value for $TERM and no -T specified
2024-08-14 11:58:07.849 | +./stack.sh:echo_summary:468               [[ -t 3 ]]
2024-08-14 11:58:07.849 | tput: No value for $TERM and no -T specified
2024-08-14 11:58:07.849 | tput: No value for $TERM and no -T specified
2024-08-14 11:58:07.849 | +./stack.sh:echo_summary:474               echo -e stack.sh log /tmp/devstack_logs/devstacklog.txt.2024-08-14-115807
2024-08-14 11:58:07.849 | tput: No value for $TERM and no -T specified
2024-08-14 11:58:07.849 | tput: No value for $TERM and no -T specified
2024-08-14 11:58:07.849 | +./stack.sh:main:525                       ln -sf /tmp/devstack_logs/devstacklog.txt.2024-08-14-115807 /tmp/devstack_logs/devstacklog.txt
2024-08-14 11:58:07.849 | tput: No value for $TERM and no -T specified
2024-08-14 11:58:07.849 | tput: No value for $TERM and no -T specified
2024-08-14 11:58:07.849 | +./stack.sh:main:526                       ln -sf /tmp/devstack_logs/devstacklog.txt.2024-08-14-115807.summary.2024-08-14-115807 /tmp/devstack_logs/devstacklog.txt.summary
2024-08-14 11:58:07.849 | tput: No value for $TERM and no -T specified
2024-08-14 11:58:07.850 | tput: No value for $TERM and no -T specified
2024-08-14 11:58:07.850 | +./stack.sh:main:541                       check_path_perm_sanity /opt/stack
2024-08-14 11:58:07.851 | tput: No value for $TERM and no -T specified
2024-08-14 11:58:07.854 | tput: No value for $TERM and no -T specified
2024-08-14 11:58:07.854 | +functions:check_path_perm_sanity:607      local real_path
2024-08-14 11:58:07.855 | tput: No value for $TERM and no -T specified
2024-08-14 11:58:07.858 | tput: No value for $TERM and no -T specified
2024-08-14 11:58:07.858 | ++functions:check_path_perm_sanity:608      readlink -f /opt/stack
2024-08-14 11:58:07.860 | tput: No value for $TERM and no -T specified
2024-08-14 11:58:07.863 | tput: No value for $TERM and no -T specified
2024-08-14 11:58:07.863 | +functions:check_path_perm_sanity:608      real_path=/opt/stack
2024-08-14 11:58:07.864 | tput: No value for $TERM and no -T specified
2024-08-14 11:58:07.867 | tput: No value for $TERM and no -T specified
2024-08-14 11:58:07.867 | +functions:check_path_perm_sanity:609      local rebuilt_path=
2024-08-14 11:58:07.868 | tput: No value for $TERM and no -T specified
2024-08-14 11:58:07.869 | tput: No value for $TERM and no -T specified
2024-08-14 11:58:07.871 | tput: No value for $TERM and no -T specified
2024-08-14 11:58:07.871 | ++functions:check_path_perm_sanity:610      echo /opt/stack
2024-08-14 11:58:07.872 | tput: No value for $TERM and no -T specified
2024-08-14 11:58:07.873 | ++functions:check_path_perm_sanity:610      tr / ' '
2024-08-14 11:58:07.875 | tput: No value for $TERM and no -T specified
2024-08-14 11:58:07.878 | tput: No value for $TERM and no -T specified
2024-08-14 11:58:07.878 | +functions:check_path_perm_sanity:610      for i in $(echo ${real_path} | tr "/" " ")
2024-08-14 11:58:07.879 | tput: No value for $TERM and no -T specified
2024-08-14 11:58:07.881 | tput: No value for $TERM and no -T specified
2024-08-14 11:58:07.882 | +functions:check_path_perm_sanity:611      rebuilt_path=/opt
2024-08-14 11:58:07.883 | tput: No value for $TERM and no -T specified
2024-08-14 11:58:07.886 | tput: No value for $TERM and no -T specified
2024-08-14 11:58:07.886 | ++functions:check_path_perm_sanity:613      stat -c %a /opt
2024-08-14 11:58:07.889 | tput: No value for $TERM and no -T specified
2024-08-14 11:58:07.892 | tput: No value for $TERM and no -T specified
2024-08-14 11:58:07.892 | +functions:check_path_perm_sanity:613      [[ 755 = 700 ]]
2024-08-14 11:58:07.894 | tput: No value for $TERM and no -T specified
2024-08-14 11:58:07.897 | tput: No value for $TERM and no -T specified
2024-08-14 11:58:07.897 | +functions:check_path_perm_sanity:610      for i in $(echo ${real_path} | tr "/" " ")
2024-08-14 11:58:07.898 | tput: No value for $TERM and no -T specified
2024-08-14 11:58:07.903 | tput: No value for $TERM and no -T specified
2024-08-14 11:58:07.903 | +functions:check_path_perm_sanity:611      rebuilt_path=/opt/stack
2024-08-14 11:58:07.905 | tput: No value for $TERM and no -T specified
2024-08-14 11:58:07.909 | tput: No value for $TERM and no -T specified
2024-08-14 11:58:07.910 | ++functions:check_path_perm_sanity:613      stat -c %a /opt/stack
2024-08-14 11:58:07.913 | tput: No value for $TERM and no -T specified
2024-08-14 11:58:07.917 | tput: No value for $TERM and no -T specified
2024-08-14 11:58:07.918 | +functions:check_path_perm_sanity:613      [[ 777 = 700 ]]
2024-08-14 11:58:07.920 | tput: No value for $TERM and no -T specified
2024-08-14 11:58:07.925 | tput: No value for $TERM and no -T specified
2024-08-14 11:58:07.925 | +./stack.sh:main:547                       trap exit_trap EXIT
2024-08-14 11:58:07.927 | tput: No value for $TERM and no -T specified
2024-08-14 11:58:07.933 | tput: No value for $TERM and no -T specified
2024-08-14 11:58:07.933 | +./stack.sh:main:588                       trap err_trap ERR
2024-08-14 11:58:07.935 | tput: No value for $TERM and no -T specified
2024-08-14 11:58:07.941 | tput: No value for $TERM and no -T specified
2024-08-14 11:58:07.941 | +./stack.sh:main:601                       set -o errexit
2024-08-14 11:58:07.943 | tput: No value for $TERM and no -T specified
2024-08-14 11:58:07.949 | tput: No value for $TERM and no -T specified
2024-08-14 11:58:07.950 | +./stack.sh:main:604                       uname -a
2024-08-14 11:58:07.952 | Linux jammy-provider-cloud-0000007464 5.15.0-107-generic #117-Ubuntu SMP Fri Apr 26 12:26:49 UTC 2024 x86_64 x86_64 x86_64 GNU/Linux
2024-08-14 11:58:07.954 | tput: No value for $TERM and no -T specified
2024-08-14 11:58:07.961 | tput: No value for $TERM and no -T specified
2024-08-14 11:58:07.962 | +./stack.sh:main:607                       SSL_BUNDLE_FILE=/opt/stack/data/ca-bundle.pem
2024-08-14 11:58:07.964 | tput: No value for $TERM and no -T specified
2024-08-14 11:58:07.971 | tput: No value for $TERM and no -T specified
2024-08-14 11:58:07.971 | +./stack.sh:main:608                       rm -f /opt/stack/data/ca-bundle.pem
2024-08-14 11:58:07.976 | tput: No value for $TERM and no -T specified
2024-08-14 11:58:07.982 | tput: No value for $TERM and no -T specified
2024-08-14 11:58:07.983 | +./stack.sh:main:611                       source /opt/stack/devstack/lib/database
2024-08-14 11:58:07.988 | tput: No value for $TERM and no -T specified
2024-08-14 11:58:07.988 | tput: No value for $TERM and no -T specified
2024-08-14 11:58:07.995 | tput: No value for $TERM and no -T specified
2024-08-14 11:58:07.996 | tput: No value for $TERM and no -T specified
2024-08-14 11:58:08.002 | tput: No value for $TERM and no -T specified
2024-08-14 11:58:08.008 | tput: No value for $TERM and no -T specified
2024-08-14 11:58:08.011 | tput: No value for $TERM and no -T specified
2024-08-14 11:58:08.017 | tput: No value for $TERM and no -T specified
2024-08-14 11:58:08.060 | tput: No value for $TERM and no -T specified
2024-08-14 11:58:08.067 | tput: No value for $TERM and no -T specified
2024-08-14 11:58:08.068 | +./stack.sh:main:612                       source /opt/stack/devstack/lib/rpc_backend
2024-08-14 11:58:08.072 | tput: No value for $TERM and no -T specified
2024-08-14 11:58:08.073 | tput: No value for $TERM and no -T specified
2024-08-14 11:58:08.076 | tput: No value for $TERM and no -T specified
2024-08-14 11:58:08.080 | tput: No value for $TERM and no -T specified
2024-08-14 11:58:08.084 | tput: No value for $TERM and no -T specified
2024-08-14 11:58:08.089 | tput: No value for $TERM and no -T specified
2024-08-14 11:58:08.091 | tput: No value for $TERM and no -T specified
2024-08-14 11:58:08.096 | tput: No value for $TERM and no -T specified
2024-08-14 11:58:08.103 | tput: No value for $TERM and no -T specified
2024-08-14 11:58:08.109 | tput: No value for $TERM and no -T specified
2024-08-14 11:58:08.109 | +./stack.sh:main:618                       fetch_plugins
2024-08-14 11:58:08.111 | tput: No value for $TERM and no -T specified
2024-08-14 11:58:08.117 | tput: No value for $TERM and no -T specified
2024-08-14 11:58:08.117 | +functions-common:fetch_plugins:1767       local plugins=
2024-08-14 11:58:08.119 | tput: No value for $TERM and no -T specified
2024-08-14 11:58:08.128 | tput: No value for $TERM and no -T specified
2024-08-14 11:58:08.129 | +functions-common:fetch_plugins:1768       local plugin
2024-08-14 11:58:08.131 | tput: No value for $TERM and no -T specified
2024-08-14 11:58:08.137 | tput: No value for $TERM and no -T specified
2024-08-14 11:58:08.137 | +functions-common:fetch_plugins:1771       [[ -z '' ]]
2024-08-14 11:58:08.139 | tput: No value for $TERM and no -T specified
2024-08-14 11:58:08.145 | tput: No value for $TERM and no -T specified
2024-08-14 11:58:08.146 | +functions-common:fetch_plugins:1772       return
2024-08-14 11:58:08.148 | tput: No value for $TERM and no -T specified
2024-08-14 11:58:08.154 | tput: No value for $TERM and no -T specified
2024-08-14 11:58:08.154 | +./stack.sh:main:622                       run_phase override_defaults
2024-08-14 11:58:08.157 | tput: No value for $TERM and no -T specified
2024-08-14 11:58:08.162 | tput: No value for $TERM and no -T specified
2024-08-14 11:58:08.162 | +functions-common:run_phase:1849           local mode=override_defaults
2024-08-14 11:58:08.165 | tput: No value for $TERM and no -T specified
2024-08-14 11:58:08.170 | tput: No value for $TERM and no -T specified
2024-08-14 11:58:08.170 | +functions-common:run_phase:1850           local phase=
2024-08-14 11:58:08.174 | tput: No value for $TERM and no -T specified
2024-08-14 11:58:08.180 | tput: No value for $TERM and no -T specified
2024-08-14 11:58:08.180 | +functions-common:run_phase:1851           [[ -d /opt/stack/devstack/extras.d ]]
2024-08-14 11:58:08.184 | tput: No value for $TERM and no -T specified
2024-08-14 11:58:08.190 | tput: No value for $TERM and no -T specified
2024-08-14 11:58:08.191 | +functions-common:run_phase:1852           local extra_plugin_file_name
2024-08-14 11:58:08.194 | tput: No value for $TERM and no -T specified
2024-08-14 11:58:08.200 | tput: No value for $TERM and no -T specified
2024-08-14 11:58:08.200 | +functions-common:run_phase:1853           for extra_plugin_file_name in $TOP_DIR/extras.d/*.sh
2024-08-14 11:58:08.202 | tput: No value for $TERM and no -T specified
2024-08-14 11:58:08.209 | tput: No value for $TERM and no -T specified
2024-08-14 11:58:08.210 | +functions-common:run_phase:1858           local exceptions=80-tempest.sh
2024-08-14 11:58:08.213 | tput: No value for $TERM and no -T specified
2024-08-14 11:58:08.220 | tput: No value for $TERM and no -T specified
2024-08-14 11:58:08.221 | +functions-common:run_phase:1859           local extra
2024-08-14 11:58:08.225 | tput: No value for $TERM and no -T specified
2024-08-14 11:58:08.232 | tput: No value for $TERM and no -T specified
2024-08-14 11:58:08.233 | ++functions-common:run_phase:1860           basename /opt/stack/devstack/extras.d/80-tempest.sh
2024-08-14 11:58:08.238 | tput: No value for $TERM and no -T specified
2024-08-14 11:58:08.245 | tput: No value for $TERM and no -T specified
2024-08-14 11:58:08.245 | +functions-common:run_phase:1860           extra=80-tempest.sh
2024-08-14 11:58:08.248 | tput: No value for $TERM and no -T specified
2024-08-14 11:58:08.255 | tput: No value for $TERM and no -T specified
2024-08-14 11:58:08.255 | +functions-common:run_phase:1861           [[ 80-tempest.sh =~ 80-tempest\.sh ]]
2024-08-14 11:58:08.258 | tput: No value for $TERM and no -T specified
2024-08-14 11:58:08.265 | tput: No value for $TERM and no -T specified
2024-08-14 11:58:08.265 | +functions-common:run_phase:1865           [[ -r /opt/stack/devstack/extras.d/80-tempest.sh ]]
2024-08-14 11:58:08.267 | tput: No value for $TERM and no -T specified
2024-08-14 11:58:08.274 | tput: No value for $TERM and no -T specified
2024-08-14 11:58:08.275 | +functions-common:run_phase:1865           source /opt/stack/devstack/extras.d/80-tempest.sh override_defaults
2024-08-14 11:58:08.278 | tput: No value for $TERM and no -T specified
2024-08-14 11:58:08.285 | tput: No value for $TERM and no -T specified
2024-08-14 11:58:08.285 | ++extras.d/80-tempest.sh:source:3           is_service_enabled tempest
2024-08-14 11:58:08.287 | tput: No value for $TERM and no -T specified
2024-08-14 11:58:08.294 | tput: No value for $TERM and no -T specified
2024-08-14 11:58:08.299 | tput: No value for $TERM and no -T specified
2024-08-14 11:58:08.299 | tput: No value for $TERM and no -T specified
2024-08-14 11:58:08.304 | tput: No value for $TERM and no -T specified
2024-08-14 11:58:08.306 | tput: No value for $TERM and no -T specified
2024-08-14 11:58:08.310 | tput: No value for $TERM and no -T specified
2024-08-14 11:58:08.315 | tput: No value for $TERM and no -T specified
2024-08-14 11:58:08.316 | tput: No value for $TERM and no -T specified
2024-08-14 11:58:08.320 | tput: No value for $TERM and no -T specified
2024-08-14 11:58:08.324 | tput: No value for $TERM and no -T specified
2024-08-14 11:58:08.328 | tput: No value for $TERM and no -T specified
2024-08-14 11:58:08.328 | ++functions-common:is_service_enabled:2077  return 0
2024-08-14 11:58:08.330 | tput: No value for $TERM and no -T specified
2024-08-14 11:58:08.335 | tput: No value for $TERM and no -T specified
2024-08-14 11:58:08.335 | ++extras.d/80-tempest.sh:source:4           [[ override_defaults == \s\o\u\r\c\e ]]
2024-08-14 11:58:08.337 | tput: No value for $TERM and no -T specified
2024-08-14 11:58:08.343 | tput: No value for $TERM and no -T specified
2024-08-14 11:58:08.343 | ++extras.d/80-tempest.sh:source:7           [[ override_defaults == \s\t\a\c\k ]]
2024-08-14 11:58:08.346 | tput: No value for $TERM and no -T specified
2024-08-14 11:58:08.351 | tput: No value for $TERM and no -T specified
2024-08-14 11:58:08.352 | ++extras.d/80-tempest.sh:source:10          [[ override_defaults == \s\t\a\c\k ]]
2024-08-14 11:58:08.355 | tput: No value for $TERM and no -T specified
2024-08-14 11:58:08.361 | tput: No value for $TERM and no -T specified
2024-08-14 11:58:08.361 | ++extras.d/80-tempest.sh:source:13          [[ override_defaults == \s\t\a\c\k ]]
2024-08-14 11:58:08.363 | tput: No value for $TERM and no -T specified
2024-08-14 11:58:08.369 | tput: No value for $TERM and no -T specified
2024-08-14 11:58:08.370 | ++extras.d/80-tempest.sh:source:16          [[ override_defaults == \s\t\a\c\k ]]
2024-08-14 11:58:08.372 | tput: No value for $TERM and no -T specified
2024-08-14 11:58:08.379 | tput: No value for $TERM and no -T specified
2024-08-14 11:58:08.380 | ++extras.d/80-tempest.sh:source:19          [[ override_defaults == \s\t\a\c\k ]]
2024-08-14 11:58:08.382 | tput: No value for $TERM and no -T specified
2024-08-14 11:58:08.388 | tput: No value for $TERM and no -T specified
2024-08-14 11:58:08.389 | ++extras.d/80-tempest.sh:source:27          [[ override_defaults == \u\n\s\t\a\c\k ]]
2024-08-14 11:58:08.391 | tput: No value for $TERM and no -T specified
2024-08-14 11:58:08.398 | tput: No value for $TERM and no -T specified
2024-08-14 11:58:08.399 | ++extras.d/80-tempest.sh:source:32          [[ override_defaults == \c\l\e\a\n ]]
2024-08-14 11:58:08.401 | tput: No value for $TERM and no -T specified
2024-08-14 11:58:08.408 | tput: No value for $TERM and no -T specified
2024-08-14 11:58:08.408 | +functions-common:run_phase:1870           [[ override_defaults == \s\o\u\r\c\e ]]
2024-08-14 11:58:08.412 | tput: No value for $TERM and no -T specified
2024-08-14 11:58:08.418 | tput: No value for $TERM and no -T specified
2024-08-14 11:58:08.419 | +functions-common:run_phase:1873           [[ override_defaults == \o\v\e\r\r\i\d\e\_\d\e\f\a\u\l\t\s ]]
2024-08-14 11:58:08.422 | tput: No value for $TERM and no -T specified
2024-08-14 11:58:08.429 | tput: No value for $TERM and no -T specified
2024-08-14 11:58:08.429 | +functions-common:run_phase:1874           plugin_override_defaults
2024-08-14 11:58:08.433 | tput: No value for $TERM and no -T specified
2024-08-14 11:58:08.439 | tput: No value for $TERM and no -T specified
2024-08-14 11:58:08.439 | +functions-common:plugin_override_defaults:1808  local plugins=
2024-08-14 11:58:08.443 | tput: No value for $TERM and no -T specified
2024-08-14 11:58:08.450 | tput: No value for $TERM and no -T specified
2024-08-14 11:58:08.450 | +functions-common:plugin_override_defaults:1809  local plugin
2024-08-14 11:58:08.454 | tput: No value for $TERM and no -T specified
2024-08-14 11:58:08.460 | tput: No value for $TERM and no -T specified
2024-08-14 11:58:08.461 | +functions-common:plugin_override_defaults:1812  [[ -z '' ]]
2024-08-14 11:58:08.464 | tput: No value for $TERM and no -T specified
2024-08-14 11:58:08.470 | tput: No value for $TERM and no -T specified
2024-08-14 11:58:08.471 | +functions-common:plugin_override_defaults:1813  return
2024-08-14 11:58:08.474 | tput: No value for $TERM and no -T specified
2024-08-14 11:58:08.481 | tput: No value for $TERM and no -T specified
2024-08-14 11:58:08.481 | +./stack.sh:main:625                       source /opt/stack/devstack/lib/apache
2024-08-14 11:58:08.487 | tput: No value for $TERM and no -T specified
2024-08-14 11:58:08.487 | tput: No value for $TERM and no -T specified
2024-08-14 11:58:08.494 | tput: No value for $TERM and no -T specified
2024-08-14 11:58:08.495 | tput: No value for $TERM and no -T specified
2024-08-14 11:58:08.499 | tput: No value for $TERM and no -T specified
2024-08-14 11:58:08.506 | tput: No value for $TERM and no -T specified
2024-08-14 11:58:08.507 | tput: No value for $TERM and no -T specified
2024-08-14 11:58:08.514 | tput: No value for $TERM and no -T specified
2024-08-14 11:58:08.523 | tput: No value for $TERM and no -T specified
2024-08-14 11:58:08.529 | tput: No value for $TERM and no -T specified
2024-08-14 11:58:08.530 | +./stack.sh:main:628                       source /opt/stack/devstack/lib/tls
2024-08-14 11:58:08.532 | tput: No value for $TERM and no -T specified
2024-08-14 11:58:08.538 | tput: No value for $TERM and no -T specified
2024-08-14 11:58:08.538 | ++lib/tls:source:38                         is_service_enabled tls-proxy
2024-08-14 11:58:08.540 | tput: No value for $TERM and no -T specified
2024-08-14 11:58:08.545 | tput: No value for $TERM and no -T specified
2024-08-14 11:58:08.549 | tput: No value for $TERM and no -T specified
2024-08-14 11:58:08.550 | tput: No value for $TERM and no -T specified
2024-08-14 11:58:08.554 | tput: No value for $TERM and no -T specified
2024-08-14 11:58:08.556 | tput: No value for $TERM and no -T specified
2024-08-14 11:58:08.560 | tput: No value for $TERM and no -T specified
2024-08-14 11:58:08.566 | tput: No value for $TERM and no -T specified
2024-08-14 11:58:08.567 | tput: No value for $TERM and no -T specified
2024-08-14 11:58:08.573 | tput: No value for $TERM and no -T specified
2024-08-14 11:58:08.575 | tput: No value for $TERM and no -T specified
2024-08-14 11:58:08.581 | tput: No value for $TERM and no -T specified
2024-08-14 11:58:08.581 | ++functions-common:is_service_enabled:2077  return 1
2024-08-14 11:58:08.583 | tput: No value for $TERM and no -T specified
2024-08-14 11:58:08.591 | tput: No value for $TERM and no -T specified
2024-08-14 11:58:08.591 | +++lib/tls:source:43                         hostname -f
2024-08-14 11:58:08.595 | tput: No value for $TERM and no -T specified
2024-08-14 11:58:08.600 | tput: No value for $TERM and no -T specified
2024-08-14 11:58:08.601 | ++lib/tls:source:43                         DEVSTACK_HOSTNAME=localhost
2024-08-14 11:58:08.603 | tput: No value for $TERM and no -T specified
2024-08-14 11:58:08.608 | tput: No value for $TERM and no -T specified
2024-08-14 11:58:08.608 | ++lib/tls:source:44                         DEVSTACK_CERT_NAME=devstack-cert
2024-08-14 11:58:08.610 | tput: No value for $TERM and no -T specified
2024-08-14 11:58:08.615 | tput: No value for $TERM and no -T specified
2024-08-14 11:58:08.616 | ++lib/tls:source:45                         DEVSTACK_CERT=/opt/stack/data/devstack-cert.pem
2024-08-14 11:58:08.618 | tput: No value for $TERM and no -T specified
2024-08-14 11:58:08.623 | tput: No value for $TERM and no -T specified
2024-08-14 11:58:08.623 | ++lib/tls:source:48                         ROOT_CA_DIR=/opt/stack/data/CA/root-ca
2024-08-14 11:58:08.625 | tput: No value for $TERM and no -T specified
2024-08-14 11:58:08.630 | tput: No value for $TERM and no -T specified
2024-08-14 11:58:08.631 | ++lib/tls:source:49                         INT_CA_DIR=/opt/stack/data/CA/int-ca
2024-08-14 11:58:08.632 | tput: No value for $TERM and no -T specified
2024-08-14 11:58:08.639 | tput: No value for $TERM and no -T specified
2024-08-14 11:58:08.639 | ++lib/tls:source:51                         ORG_NAME=OpenStack
2024-08-14 11:58:08.641 | tput: No value for $TERM and no -T specified
2024-08-14 11:58:08.647 | tput: No value for $TERM and no -T specified
2024-08-14 11:58:08.647 | ++lib/tls:source:52                         ORG_UNIT_NAME=DevStack
2024-08-14 11:58:08.649 | tput: No value for $TERM and no -T specified
2024-08-14 11:58:08.655 | tput: No value for $TERM and no -T specified
2024-08-14 11:58:08.655 | ++lib/tls:source:55                         STUD_PROTO=--tls
2024-08-14 11:58:08.657 | tput: No value for $TERM and no -T specified
2024-08-14 11:58:08.663 | tput: No value for $TERM and no -T specified
2024-08-14 11:58:08.663 | ++lib/tls:source:56                         STUD_CIPHERS='TLSv1+HIGH:!DES:!aNULL:!eNULL:@STRENGTH'
2024-08-14 11:58:08.665 | tput: No value for $TERM and no -T specified
2024-08-14 11:58:08.670 | tput: No value for $TERM and no -T specified
2024-08-14 11:58:08.671 | ++lib/tls:source:63                         OPENSSL=/usr/bin/openssl
2024-08-14 11:58:08.680 | tput: No value for $TERM and no -T specified
2024-08-14 11:58:08.687 | tput: No value for $TERM and no -T specified
2024-08-14 11:58:08.687 | +./stack.sh:main:631                       source /opt/stack/devstack/lib/infra
2024-08-14 11:58:08.691 | tput: No value for $TERM and no -T specified
2024-08-14 11:58:08.692 | tput: No value for $TERM and no -T specified
2024-08-14 11:58:08.699 | tput: No value for $TERM and no -T specified
2024-08-14 11:58:08.699 | tput: No value for $TERM and no -T specified
2024-08-14 11:58:08.704 | tput: No value for $TERM and no -T specified
2024-08-14 11:58:08.709 | tput: No value for $TERM and no -T specified
2024-08-14 11:58:08.711 | tput: No value for $TERM and no -T specified
2024-08-14 11:58:08.715 | tput: No value for $TERM and no -T specified
2024-08-14 11:58:08.718 | tput: No value for $TERM and no -T specified
2024-08-14 11:58:08.723 | tput: No value for $TERM and no -T specified
2024-08-14 11:58:08.724 | +./stack.sh:main:632                       source /opt/stack/devstack/lib/libraries
2024-08-14 11:58:08.726 | tput: No value for $TERM and no -T specified
2024-08-14 11:58:08.727 | tput: No value for $TERM and no -T specified
2024-08-14 11:58:08.731 | tput: No value for $TERM and no -T specified
2024-08-14 11:58:08.732 | tput: No value for $TERM and no -T specified
2024-08-14 11:58:08.737 | tput: No value for $TERM and no -T specified
2024-08-14 11:58:08.742 | tput: No value for $TERM and no -T specified
2024-08-14 11:58:08.744 | tput: No value for $TERM and no -T specified
2024-08-14 11:58:08.748 | tput: No value for $TERM and no -T specified
2024-08-14 11:58:08.758 | tput: No value for $TERM and no -T specified
2024-08-14 11:58:08.763 | tput: No value for $TERM and no -T specified
2024-08-14 11:58:08.763 | +./stack.sh:main:633                       source /opt/stack/devstack/lib/lvm
2024-08-14 11:58:08.767 | tput: No value for $TERM and no -T specified
2024-08-14 11:58:08.767 | tput: No value for $TERM and no -T specified
2024-08-14 11:58:08.772 | tput: No value for $TERM and no -T specified
2024-08-14 11:58:08.773 | tput: No value for $TERM and no -T specified
2024-08-14 11:58:08.777 | tput: No value for $TERM and no -T specified
2024-08-14 11:58:08.781 | tput: No value for $TERM and no -T specified
2024-08-14 11:58:08.783 | tput: No value for $TERM and no -T specified
2024-08-14 11:58:08.787 | tput: No value for $TERM and no -T specified
2024-08-14 11:58:08.791 | tput: No value for $TERM and no -T specified
2024-08-14 11:58:08.796 | tput: No value for $TERM and no -T specified
2024-08-14 11:58:08.796 | +./stack.sh:main:634                       source /opt/stack/devstack/lib/horizon
2024-08-14 11:58:08.799 | tput: No value for $TERM and no -T specified
2024-08-14 11:58:08.800 | tput: No value for $TERM and no -T specified
2024-08-14 11:58:08.804 | tput: No value for $TERM and no -T specified
2024-08-14 11:58:08.804 | tput: No value for $TERM and no -T specified
2024-08-14 11:58:08.808 | tput: No value for $TERM and no -T specified
2024-08-14 11:58:08.812 | tput: No value for $TERM and no -T specified
2024-08-14 11:58:08.814 | tput: No value for $TERM and no -T specified
2024-08-14 11:58:08.818 | tput: No value for $TERM and no -T specified
2024-08-14 11:58:08.822 | tput: No value for $TERM and no -T specified
2024-08-14 11:58:08.826 | tput: No value for $TERM and no -T specified
2024-08-14 11:58:08.826 | +./stack.sh:main:635                       source /opt/stack/devstack/lib/keystone
2024-08-14 11:58:08.830 | tput: No value for $TERM and no -T specified
2024-08-14 11:58:08.830 | tput: No value for $TERM and no -T specified
2024-08-14 11:58:08.834 | tput: No value for $TERM and no -T specified
2024-08-14 11:58:08.835 | tput: No value for $TERM and no -T specified
2024-08-14 11:58:08.838 | tput: No value for $TERM and no -T specified
2024-08-14 11:58:08.842 | tput: No value for $TERM and no -T specified
2024-08-14 11:58:08.844 | tput: No value for $TERM and no -T specified
2024-08-14 11:58:08.847 | tput: No value for $TERM and no -T specified
2024-08-14 11:58:08.871 | tput: No value for $TERM and no -T specified
2024-08-14 11:58:08.875 | tput: No value for $TERM and no -T specified
2024-08-14 11:58:08.875 | +./stack.sh:main:636                       source /opt/stack/devstack/lib/glance
2024-08-14 11:58:08.878 | tput: No value for $TERM and no -T specified
2024-08-14 11:58:08.880 | tput: No value for $TERM and no -T specified
2024-08-14 11:58:08.881 | tput: No value for $TERM and no -T specified
2024-08-14 11:58:08.884 | tput: No value for $TERM and no -T specified
2024-08-14 11:58:08.888 | tput: No value for $TERM and no -T specified
2024-08-14 11:58:08.891 | tput: No value for $TERM and no -T specified
2024-08-14 11:58:08.894 | tput: No value for $TERM and no -T specified
2024-08-14 11:58:08.897 | tput: No value for $TERM and no -T specified
2024-08-14 11:58:08.946 | tput: No value for $TERM and no -T specified
2024-08-14 11:58:08.952 | tput: No value for $TERM and no -T specified
2024-08-14 11:58:08.952 | +./stack.sh:main:637                       source /opt/stack/devstack/lib/nova
2024-08-14 11:58:08.955 | tput: No value for $TERM and no -T specified
2024-08-14 11:58:08.956 | tput: No value for $TERM and no -T specified
2024-08-14 11:58:08.958 | tput: No value for $TERM and no -T specified
2024-08-14 11:58:08.960 | tput: No value for $TERM and no -T specified
2024-08-14 11:58:08.964 | tput: No value for $TERM and no -T specified
2024-08-14 11:58:08.968 | tput: No value for $TERM and no -T specified
2024-08-14 11:58:08.970 | tput: No value for $TERM and no -T specified
2024-08-14 11:58:08.975 | tput: No value for $TERM and no -T specified
2024-08-14 11:58:09.054 | tput: No value for $TERM and no -T specified
2024-08-14 11:58:09.060 | tput: No value for $TERM and no -T specified
2024-08-14 11:58:09.060 | +./stack.sh:main:638                       source /opt/stack/devstack/lib/placement
2024-08-14 11:58:09.064 | tput: No value for $TERM and no -T specified
2024-08-14 11:58:09.065 | tput: No value for $TERM and no -T specified
2024-08-14 11:58:09.068 | tput: No value for $TERM and no -T specified
2024-08-14 11:58:09.070 | tput: No value for $TERM and no -T specified
2024-08-14 11:58:09.074 | tput: No value for $TERM and no -T specified
2024-08-14 11:58:09.078 | tput: No value for $TERM and no -T specified
2024-08-14 11:58:09.081 | tput: No value for $TERM and no -T specified
2024-08-14 11:58:09.087 | tput: No value for $TERM and no -T specified
2024-08-14 11:58:09.104 | tput: No value for $TERM and no -T specified
2024-08-14 11:58:09.109 | tput: No value for $TERM and no -T specified
2024-08-14 11:58:09.110 | +./stack.sh:main:639                       source /opt/stack/devstack/lib/cinder
2024-08-14 11:58:09.114 | tput: No value for $TERM and no -T specified
2024-08-14 11:58:09.114 | tput: No value for $TERM and no -T specified
2024-08-14 11:58:09.119 | tput: No value for $TERM and no -T specified
2024-08-14 11:58:09.120 | tput: No value for $TERM and no -T specified
2024-08-14 11:58:09.124 | tput: No value for $TERM and no -T specified
2024-08-14 11:58:09.128 | tput: No value for $TERM and no -T specified
2024-08-14 11:58:09.130 | tput: No value for $TERM and no -T specified
2024-08-14 11:58:09.134 | tput: No value for $TERM and no -T specified
2024-08-14 11:58:09.179 | tput: No value for $TERM and no -T specified
2024-08-14 11:58:09.184 | tput: No value for $TERM and no -T specified
2024-08-14 11:58:09.184 | +./stack.sh:main:640                       source /opt/stack/devstack/lib/swift
2024-08-14 11:58:09.188 | tput: No value for $TERM and no -T specified
2024-08-14 11:58:09.189 | tput: No value for $TERM and no -T specified
2024-08-14 11:58:09.193 | tput: No value for $TERM and no -T specified
2024-08-14 11:58:09.194 | tput: No value for $TERM and no -T specified
2024-08-14 11:58:09.198 | tput: No value for $TERM and no -T specified
2024-08-14 11:58:09.203 | tput: No value for $TERM and no -T specified
2024-08-14 11:58:09.205 | tput: No value for $TERM and no -T specified
2024-08-14 11:58:09.209 | tput: No value for $TERM and no -T specified
2024-08-14 11:58:09.249 | tput: No value for $TERM and no -T specified
2024-08-14 11:58:09.255 | tput: No value for $TERM and no -T specified
2024-08-14 11:58:09.255 | +./stack.sh:main:641                       source /opt/stack/devstack/lib/neutron
2024-08-14 11:58:09.258 | tput: No value for $TERM and no -T specified
2024-08-14 11:58:09.264 | tput: No value for $TERM and no -T specified
2024-08-14 11:58:09.264 | ++lib/neutron:source:61                     is_service_enabled tls-proxy
2024-08-14 11:58:09.268 | tput: No value for $TERM and no -T specified
2024-08-14 11:58:09.274 | tput: No value for $TERM and no -T specified
2024-08-14 11:58:09.278 | tput: No value for $TERM and no -T specified
2024-08-14 11:58:09.279 | tput: No value for $TERM and no -T specified
2024-08-14 11:58:09.284 | tput: No value for $TERM and no -T specified
2024-08-14 11:58:09.285 | tput: No value for $TERM and no -T specified
2024-08-14 11:58:09.290 | tput: No value for $TERM and no -T specified
2024-08-14 11:58:09.294 | tput: No value for $TERM and no -T specified
2024-08-14 11:58:09.296 | tput: No value for $TERM and no -T specified
2024-08-14 11:58:09.301 | tput: No value for $TERM and no -T specified
2024-08-14 11:58:09.303 | tput: No value for $TERM and no -T specified
2024-08-14 11:58:09.309 | tput: No value for $TERM and no -T specified
2024-08-14 11:58:09.309 | ++functions-common:is_service_enabled:2077  return 1
2024-08-14 11:58:09.311 | tput: No value for $TERM and no -T specified
2024-08-14 11:58:09.317 | tput: No value for $TERM and no -T specified
2024-08-14 11:58:09.318 | ++lib/neutron:source:67                     GITDIR["python-neutronclient"]=/opt/stack/python-neutronclient
2024-08-14 11:58:09.320 | tput: No value for $TERM and no -T specified
2024-08-14 11:58:09.325 | tput: No value for $TERM and no -T specified
2024-08-14 11:58:09.326 | ++lib/neutron:source:70                     NEUTRON_DIR=/opt/stack/neutron
2024-08-14 11:58:09.328 | tput: No value for $TERM and no -T specified
2024-08-14 11:58:09.333 | tput: No value for $TERM and no -T specified
2024-08-14 11:58:09.334 | ++lib/neutron:source:71                     NEUTRON_FWAAS_DIR=/opt/stack/neutron-fwaas
2024-08-14 11:58:09.337 | tput: No value for $TERM and no -T specified
2024-08-14 11:58:09.343 | tput: No value for $TERM and no -T specified
2024-08-14 11:58:09.344 | ++lib/neutron:source:74                     [[ -d /opt/stack/neutron/bin/neutron-server ]]
2024-08-14 11:58:09.349 | tput: No value for $TERM and no -T specified
2024-08-14 11:58:09.354 | tput: No value for $TERM and no -T specified
2024-08-14 11:58:09.354 | +++lib/neutron:source:77                     get_python_exec_prefix
2024-08-14 11:58:09.357 | tput: No value for $TERM and no -T specified
2024-08-14 11:58:09.363 | tput: No value for $TERM and no -T specified
2024-08-14 11:58:09.368 | tput: No value for $TERM and no -T specified
2024-08-14 11:58:09.368 | tput: No value for $TERM and no -T specified
2024-08-14 11:58:09.374 | tput: No value for $TERM and no -T specified
2024-08-14 11:58:09.375 | tput: No value for $TERM and no -T specified
2024-08-14 11:58:09.379 | tput: No value for $TERM and no -T specified
2024-08-14 11:58:09.385 | tput: No value for $TERM and no -T specified
2024-08-14 11:58:09.387 | tput: No value for $TERM and no -T specified
2024-08-14 11:58:09.392 | tput: No value for $TERM and no -T specified
2024-08-14 11:58:09.394 | tput: No value for $TERM and no -T specified
2024-08-14 11:58:09.399 | tput: No value for $TERM and no -T specified
2024-08-14 11:58:09.400 | +++inc/python:get_python_exec_prefix:83      [[ True == \T\r\u\e ]]
2024-08-14 11:58:09.402 | tput: No value for $TERM and no -T specified
2024-08-14 11:58:09.407 | tput: No value for $TERM and no -T specified
2024-08-14 11:58:09.407 | +++inc/python:get_python_exec_prefix:84      echo /opt/stack/data/venv/bin
2024-08-14 11:58:09.410 | tput: No value for $TERM and no -T specified
2024-08-14 11:58:09.416 | tput: No value for $TERM and no -T specified
2024-08-14 11:58:09.417 | ++lib/neutron:source:77                     NEUTRON_BIN_DIR=/opt/stack/data/venv/bin
2024-08-14 11:58:09.421 | tput: No value for $TERM and no -T specified
2024-08-14 11:58:09.426 | tput: No value for $TERM and no -T specified
2024-08-14 11:58:09.426 | ++lib/neutron:source:80                     NEUTRON_CONF_DIR=/etc/neutron
2024-08-14 11:58:09.428 | tput: No value for $TERM and no -T specified
2024-08-14 11:58:09.433 | tput: No value for $TERM and no -T specified
2024-08-14 11:58:09.434 | ++lib/neutron:source:81                     NEUTRON_CONF=/etc/neutron/neutron.conf
2024-08-14 11:58:09.436 | tput: No value for $TERM and no -T specified
2024-08-14 11:58:09.443 | tput: No value for $TERM and no -T specified
2024-08-14 11:58:09.443 | ++lib/neutron:source:82                     export NEUTRON_TEST_CONFIG_FILE=/etc/neutron/debug.ini
2024-08-14 11:58:09.446 | tput: No value for $TERM and no -T specified
2024-08-14 11:58:09.454 | tput: No value for $TERM and no -T specified
2024-08-14 11:58:09.454 | ++lib/neutron:source:82                     NEUTRON_TEST_CONFIG_FILE=/etc/neutron/debug.ini
2024-08-14 11:58:09.458 | tput: No value for $TERM and no -T specified
2024-08-14 11:58:09.466 | tput: No value for $TERM and no -T specified
2024-08-14 11:58:09.466 | +++lib/neutron:source:89                     trueorfalse False NEUTRON_DEPLOY_MOD_WSGI
2024-08-14 11:58:09.469 | tput: No value for $TERM and no -T specified
2024-08-14 11:58:09.476 | tput: No value for $TERM and no -T specified
2024-08-14 11:58:09.481 | tput: No value for $TERM and no -T specified
2024-08-14 11:58:09.483 | tput: No value for $TERM and no -T specified
2024-08-14 11:58:09.488 | tput: No value for $TERM and no -T specified
2024-08-14 11:58:09.489 | tput: No value for $TERM and no -T specified
2024-08-14 11:58:09.495 | tput: No value for $TERM and no -T specified
2024-08-14 11:58:09.500 | tput: No value for $TERM and no -T specified
2024-08-14 11:58:09.502 | tput: No value for $TERM and no -T specified
2024-08-14 11:58:09.508 | tput: No value for $TERM and no -T specified
2024-08-14 11:58:09.512 | tput: No value for $TERM and no -T specified
2024-08-14 11:58:09.518 | tput: No value for $TERM and no -T specified
2024-08-14 11:58:09.518 | ++lib/neutron:source:89                     NEUTRON_DEPLOY_MOD_WSGI=False
2024-08-14 11:58:09.521 | tput: No value for $TERM and no -T specified
2024-08-14 11:58:09.528 | tput: No value for $TERM and no -T specified
2024-08-14 11:58:09.528 | ++lib/neutron:source:91                     NEUTRON_UWSGI=neutron.wsgi.api:application
2024-08-14 11:58:09.531 | tput: No value for $TERM and no -T specified
2024-08-14 11:58:09.538 | tput: No value for $TERM and no -T specified
2024-08-14 11:58:09.539 | ++lib/neutron:source:92                     NEUTRON_UWSGI_CONF=/etc/neutron/neutron-api-uwsgi.ini
2024-08-14 11:58:09.543 | tput: No value for $TERM and no -T specified
2024-08-14 11:58:09.550 | tput: No value for $TERM and no -T specified
2024-08-14 11:58:09.551 | +++lib/neutron:source:98                     trueorfalse True NEUTRON_ENFORCE_SCOPE
2024-08-14 11:58:09.553 | tput: No value for $TERM and no -T specified
2024-08-14 11:58:09.560 | tput: No value for $TERM and no -T specified
2024-08-14 11:58:09.564 | tput: No value for $TERM and no -T specified
2024-08-14 11:58:09.566 | tput: No value for $TERM and no -T specified
2024-08-14 11:58:09.573 | tput: No value for $TERM and no -T specified
2024-08-14 11:58:09.573 | tput: No value for $TERM and no -T specified
2024-08-14 11:58:09.579 | tput: No value for $TERM and no -T specified
2024-08-14 11:58:09.584 | tput: No value for $TERM and no -T specified
2024-08-14 11:58:09.586 | tput: No value for $TERM and no -T specified
2024-08-14 11:58:09.591 | tput: No value for $TERM and no -T specified
2024-08-14 11:58:09.594 | tput: No value for $TERM and no -T specified
2024-08-14 11:58:09.601 | tput: No value for $TERM and no -T specified
2024-08-14 11:58:09.601 | ++lib/neutron:source:98                     NEUTRON_ENFORCE_SCOPE=True
2024-08-14 11:58:09.604 | tput: No value for $TERM and no -T specified
2024-08-14 11:58:09.611 | tput: No value for $TERM and no -T specified
2024-08-14 11:58:09.611 | ++lib/neutron:source:102                    AGENT_DHCP_BINARY=/opt/stack/data/venv/bin/neutron-dhcp-agent
2024-08-14 11:58:09.614 | tput: No value for $TERM and no -T specified
2024-08-14 11:58:09.620 | tput: No value for $TERM and no -T specified
2024-08-14 11:58:09.620 | ++lib/neutron:source:103                    AGENT_L3_BINARY=/opt/stack/data/venv/bin/neutron-l3-agent
2024-08-14 11:58:09.628 | tput: No value for $TERM and no -T specified
2024-08-14 11:58:09.635 | tput: No value for $TERM and no -T specified
2024-08-14 11:58:09.636 | ++lib/neutron:source:104                    AGENT_META_BINARY=/opt/stack/data/venv/bin/neutron-metadata-agent
2024-08-14 11:58:09.640 | tput: No value for $TERM and no -T specified
