2024-10-07 19:23:50.415 | tput: No value for $TERM and no -T specified
2024-10-07 19:23:50.415 | tput: No value for $TERM and no -T specified
2024-10-07 19:23:50.415 | +./stack.sh:main:515                       exec
2024-10-07 19:23:50.415 | tput: No value for $TERM and no -T specified
2024-10-07 19:23:50.415 | tput: No value for $TERM and no -T specified
2024-10-07 19:23:50.415 | tput: No value for $TERM and no -T specified
2024-10-07 19:23:50.415 | +./stack.sh:main:523                       echo_summary 'stack.sh log /tmp/devstack_logs/devstacklog.txt.2024-10-07-192350'
2024-10-07 19:23:50.415 | tput: No value for $TERM and no -T specified
2024-10-07 19:23:50.415 | ++./stack.sh:main:515                       /usr/bin/python3.10 /opt/stack/devstack/tools/outfilter.py -o /tmp/devstack_logs/devstacklog.txt.2024-10-07-192350.summary.2024-10-07-192350
2024-10-07 19:23:50.415 | tput: No value for $TERM and no -T specified
2024-10-07 19:23:50.415 | tput: No value for $TERM and no -T specified
2024-10-07 19:23:50.415 | +./stack.sh:echo_summary:468               [[ -t 3 ]]
2024-10-07 19:23:50.415 | tput: No value for $TERM and no -T specified
2024-10-07 19:23:50.415 | tput: No value for $TERM and no -T specified
2024-10-07 19:23:50.415 | +./stack.sh:echo_summary:474               echo -e stack.sh log /tmp/devstack_logs/devstacklog.txt.2024-10-07-192350
2024-10-07 19:23:50.415 | tput: No value for $TERM and no -T specified
2024-10-07 19:23:50.415 | tput: No value for $TERM and no -T specified
2024-10-07 19:23:50.415 | +./stack.sh:main:525                       ln -sf /tmp/devstack_logs/devstacklog.txt.2024-10-07-192350 /tmp/devstack_logs/devstacklog.txt
2024-10-07 19:23:50.415 | tput: No value for $TERM and no -T specified
2024-10-07 19:23:50.415 | tput: No value for $TERM and no -T specified
2024-10-07 19:23:50.415 | +./stack.sh:main:526                       ln -sf /tmp/devstack_logs/devstacklog.txt.2024-10-07-192350.summary.2024-10-07-192350 /tmp/devstack_logs/devstacklog.txt.summary
2024-10-07 19:23:50.415 | tput: No value for $TERM and no -T specified
2024-10-07 19:23:50.415 | tput: No value for $TERM and no -T specified
2024-10-07 19:23:50.415 | +./stack.sh:main:541                       check_path_perm_sanity /opt/stack
2024-10-07 19:23:50.415 | tput: No value for $TERM and no -T specified
2024-10-07 19:23:50.417 | tput: No value for $TERM and no -T specified
2024-10-07 19:23:50.417 | +functions:check_path_perm_sanity:607      local real_path
2024-10-07 19:23:50.419 | tput: No value for $TERM and no -T specified
2024-10-07 19:23:50.422 | tput: No value for $TERM and no -T specified
2024-10-07 19:23:50.422 | ++functions:check_path_perm_sanity:608      readlink -f /opt/stack
2024-10-07 19:23:50.424 | tput: No value for $TERM and no -T specified
2024-10-07 19:23:50.427 | tput: No value for $TERM and no -T specified
2024-10-07 19:23:50.427 | +functions:check_path_perm_sanity:608      real_path=/opt/stack
2024-10-07 19:23:50.428 | tput: No value for $TERM and no -T specified
2024-10-07 19:23:50.431 | tput: No value for $TERM and no -T specified
2024-10-07 19:23:50.431 | +functions:check_path_perm_sanity:609      local rebuilt_path=
2024-10-07 19:23:50.433 | tput: No value for $TERM and no -T specified
2024-10-07 19:23:50.433 | tput: No value for $TERM and no -T specified
2024-10-07 19:23:50.436 | tput: No value for $TERM and no -T specified
2024-10-07 19:23:50.436 | ++functions:check_path_perm_sanity:610      echo /opt/stack
2024-10-07 19:23:50.437 | tput: No value for $TERM and no -T specified
2024-10-07 19:23:50.437 | ++functions:check_path_perm_sanity:610      tr / ' '
2024-10-07 19:23:50.440 | tput: No value for $TERM and no -T specified
2024-10-07 19:23:50.442 | tput: No value for $TERM and no -T specified
2024-10-07 19:23:50.442 | +functions:check_path_perm_sanity:610      for i in $(echo ${real_path} | tr "/" " ")
2024-10-07 19:23:50.443 | tput: No value for $TERM and no -T specified
2024-10-07 19:23:50.447 | tput: No value for $TERM and no -T specified
2024-10-07 19:23:50.447 | +functions:check_path_perm_sanity:611      rebuilt_path=/opt
2024-10-07 19:23:50.448 | tput: No value for $TERM and no -T specified
2024-10-07 19:23:50.452 | tput: No value for $TERM and no -T specified
2024-10-07 19:23:50.452 | ++functions:check_path_perm_sanity:613      stat -c %a /opt
2024-10-07 19:23:50.455 | tput: No value for $TERM and no -T specified
2024-10-07 19:23:50.459 | tput: No value for $TERM and no -T specified
2024-10-07 19:23:50.460 | +functions:check_path_perm_sanity:613      [[ 755 = 700 ]]
2024-10-07 19:23:50.462 | tput: No value for $TERM and no -T specified
2024-10-07 19:23:50.467 | tput: No value for $TERM and no -T specified
2024-10-07 19:23:50.467 | +functions:check_path_perm_sanity:610      for i in $(echo ${real_path} | tr "/" " ")
2024-10-07 19:23:50.469 | tput: No value for $TERM and no -T specified
2024-10-07 19:23:50.474 | tput: No value for $TERM and no -T specified
2024-10-07 19:23:50.474 | +functions:check_path_perm_sanity:611      rebuilt_path=/opt/stack
2024-10-07 19:23:50.476 | tput: No value for $TERM and no -T specified
2024-10-07 19:23:50.481 | tput: No value for $TERM and no -T specified
2024-10-07 19:23:50.481 | ++functions:check_path_perm_sanity:613      stat -c %a /opt/stack
2024-10-07 19:23:50.486 | tput: No value for $TERM and no -T specified
2024-10-07 19:23:50.491 | tput: No value for $TERM and no -T specified
2024-10-07 19:23:50.491 | +functions:check_path_perm_sanity:613      [[ 777 = 700 ]]
2024-10-07 19:23:50.493 | tput: No value for $TERM and no -T specified
2024-10-07 19:23:50.498 | tput: No value for $TERM and no -T specified
2024-10-07 19:23:50.498 | +./stack.sh:main:547                       trap exit_trap EXIT
2024-10-07 19:23:50.502 | tput: No value for $TERM and no -T specified
2024-10-07 19:23:50.507 | tput: No value for $TERM and no -T specified
2024-10-07 19:23:50.508 | +./stack.sh:main:588                       trap err_trap ERR
2024-10-07 19:23:50.511 | tput: No value for $TERM and no -T specified
2024-10-07 19:23:50.518 | tput: No value for $TERM and no -T specified
2024-10-07 19:23:50.518 | +./stack.sh:main:601                       set -o errexit
2024-10-07 19:23:50.521 | tput: No value for $TERM and no -T specified
2024-10-07 19:23:50.528 | tput: No value for $TERM and no -T specified
2024-10-07 19:23:50.528 | +./stack.sh:main:604                       uname -a
2024-10-07 19:23:50.530 | Linux jammy-provider-cloud-0000007696 5.15.0-107-generic #117-Ubuntu SMP Fri Apr 26 12:26:49 UTC 2024 x86_64 x86_64 x86_64 GNU/Linux
2024-10-07 19:23:50.534 | tput: No value for $TERM and no -T specified
2024-10-07 19:23:50.540 | tput: No value for $TERM and no -T specified
2024-10-07 19:23:50.540 | +./stack.sh:main:607                       SSL_BUNDLE_FILE=/opt/stack/data/ca-bundle.pem
2024-10-07 19:23:50.543 | tput: No value for $TERM and no -T specified
2024-10-07 19:23:50.550 | tput: No value for $TERM and no -T specified
2024-10-07 19:23:50.550 | +./stack.sh:main:608                       rm -f /opt/stack/data/ca-bundle.pem
2024-10-07 19:23:50.555 | tput: No value for $TERM and no -T specified
2024-10-07 19:23:50.563 | tput: No value for $TERM and no -T specified
2024-10-07 19:23:50.563 | +./stack.sh:main:611                       source /opt/stack/devstack/lib/database
2024-10-07 19:23:50.571 | tput: No value for $TERM and no -T specifiedtput: 
2024-10-07 19:23:50.571 | No value for $TERM and no -T specified
2024-10-07 19:23:50.578 | tput: No value for $TERM and no -T specified
2024-10-07 19:23:50.578 | tput: No value for $TERM and no -T specified
2024-10-07 19:23:50.582 | tput: No value for $TERM and no -T specified
2024-10-07 19:23:50.588 | tput: No value for $TERM and no -T specified
2024-10-07 19:23:50.590 | tput: No value for $TERM and no -T specified
2024-10-07 19:23:50.596 | tput: No value for $TERM and no -T specified
2024-10-07 19:23:50.632 | tput: No value for $TERM and no -T specified
2024-10-07 19:23:50.638 | tput: No value for $TERM and no -T specified
2024-10-07 19:23:50.638 | +./stack.sh:main:612                       source /opt/stack/devstack/lib/rpc_backend
2024-10-07 19:23:50.642 | tput: No value for $TERM and no -T specified
2024-10-07 19:23:50.643 | tput: No value for $TERM and no -T specified
2024-10-07 19:23:50.649 | tput: No value for $TERM and no -T specified
2024-10-07 19:23:50.649 | tput: No value for $TERM and no -T specified
2024-10-07 19:23:50.653 | tput: No value for $TERM and no -T specified
2024-10-07 19:23:50.658 | tput: No value for $TERM and no -T specified
2024-10-07 19:23:50.660 | tput: No value for $TERM and no -T specified
2024-10-07 19:23:50.664 | tput: No value for $TERM and no -T specified
2024-10-07 19:23:50.671 | tput: No value for $TERM and no -T specified
2024-10-07 19:23:50.675 | tput: No value for $TERM and no -T specified
2024-10-07 19:23:50.675 | +./stack.sh:main:618                       fetch_plugins
2024-10-07 19:23:50.678 | tput: No value for $TERM and no -T specified
2024-10-07 19:23:50.683 | tput: No value for $TERM and no -T specified
2024-10-07 19:23:50.683 | +functions-common:fetch_plugins:1767       local plugins=
2024-10-07 19:23:50.685 | tput: No value for $TERM and no -T specified
2024-10-07 19:23:50.689 | tput: No value for $TERM and no -T specified
2024-10-07 19:23:50.689 | +functions-common:fetch_plugins:1768       local plugin
2024-10-07 19:23:50.691 | tput: No value for $TERM and no -T specified
2024-10-07 19:23:50.697 | tput: No value for $TERM and no -T specified
2024-10-07 19:23:50.697 | +functions-common:fetch_plugins:1771       [[ -z '' ]]
2024-10-07 19:23:50.699 | tput: No value for $TERM and no -T specified
2024-10-07 19:23:50.705 | tput: No value for $TERM and no -T specified
2024-10-07 19:23:50.705 | +functions-common:fetch_plugins:1772       return
2024-10-07 19:23:50.707 | tput: No value for $TERM and no -T specified
2024-10-07 19:23:50.714 | tput: No value for $TERM and no -T specified
2024-10-07 19:23:50.714 | +./stack.sh:main:622                       run_phase override_defaults
2024-10-07 19:23:50.716 | tput: No value for $TERM and no -T specified
2024-10-07 19:23:50.722 | tput: No value for $TERM and no -T specified
2024-10-07 19:23:50.722 | +functions-common:run_phase:1849           local mode=override_defaults
2024-10-07 19:23:50.724 | tput: No value for $TERM and no -T specified
2024-10-07 19:23:50.730 | tput: No value for $TERM and no -T specified
2024-10-07 19:23:50.730 | +functions-common:run_phase:1850           local phase=
2024-10-07 19:23:50.733 | tput: No value for $TERM and no -T specified
2024-10-07 19:23:50.739 | tput: No value for $TERM and no -T specified
2024-10-07 19:23:50.740 | +functions-common:run_phase:1851           [[ -d /opt/stack/devstack/extras.d ]]
2024-10-07 19:23:50.742 | tput: No value for $TERM and no -T specified
2024-10-07 19:23:50.747 | tput: No value for $TERM and no -T specified
2024-10-07 19:23:50.748 | +functions-common:run_phase:1852           local extra_plugin_file_name
2024-10-07 19:23:50.750 | tput: No value for $TERM and no -T specified
2024-10-07 19:23:50.755 | tput: No value for $TERM and no -T specified
2024-10-07 19:23:50.756 | +functions-common:run_phase:1853           for extra_plugin_file_name in $TOP_DIR/extras.d/*.sh
2024-10-07 19:23:50.757 | tput: No value for $TERM and no -T specified
2024-10-07 19:23:50.763 | tput: No value for $TERM and no -T specified
2024-10-07 19:23:50.763 | +functions-common:run_phase:1858           local exceptions=80-tempest.sh
2024-10-07 19:23:50.765 | tput: No value for $TERM and no -T specified
2024-10-07 19:23:50.771 | tput: No value for $TERM and no -T specified
2024-10-07 19:23:50.772 | +functions-common:run_phase:1859           local extra
2024-10-07 19:23:50.774 | tput: No value for $TERM and no -T specified
2024-10-07 19:23:50.780 | tput: No value for $TERM and no -T specified
2024-10-07 19:23:50.781 | ++functions-common:run_phase:1860           basename /opt/stack/devstack/extras.d/80-tempest.sh
2024-10-07 19:23:50.786 | tput: No value for $TERM and no -T specified
2024-10-07 19:23:50.792 | tput: No value for $TERM and no -T specified
2024-10-07 19:23:50.792 | +functions-common:run_phase:1860           extra=80-tempest.sh
2024-10-07 19:23:50.795 | tput: No value for $TERM and no -T specified
2024-10-07 19:23:50.801 | tput: No value for $TERM and no -T specified
2024-10-07 19:23:50.802 | +functions-common:run_phase:1861           [[ 80-tempest.sh =~ 80-tempest\.sh ]]
2024-10-07 19:23:50.805 | tput: No value for $TERM and no -T specified
2024-10-07 19:23:50.812 | tput: No value for $TERM and no -T specified
2024-10-07 19:23:50.812 | +functions-common:run_phase:1865           [[ -r /opt/stack/devstack/extras.d/80-tempest.sh ]]
2024-10-07 19:23:50.815 | tput: No value for $TERM and no -T specified
2024-10-07 19:23:50.822 | tput: No value for $TERM and no -T specified
2024-10-07 19:23:50.822 | +functions-common:run_phase:1865           source /opt/stack/devstack/extras.d/80-tempest.sh override_defaults
2024-10-07 19:23:50.826 | tput: No value for $TERM and no -T specified
2024-10-07 19:23:50.832 | tput: No value for $TERM and no -T specified
2024-10-07 19:23:50.833 | ++extras.d/80-tempest.sh:source:3           is_service_enabled tempest
2024-10-07 19:23:50.835 | tput: No value for $TERM and no -T specified
2024-10-07 19:23:50.842 | tput: No value for $TERM and no -T specified
2024-10-07 19:23:50.847 | tput: No value for $TERM and no -T specified
2024-10-07 19:23:50.847 | tput: No value for $TERM and no -T specified
2024-10-07 19:23:50.854 | tput: No value for $TERM and no -T specified
2024-10-07 19:23:50.854 | tput: No value for $TERM and no -T specified
2024-10-07 19:23:50.860 | tput: No value for $TERM and no -T specified
2024-10-07 19:23:50.865 | tput: No value for $TERM and no -T specified
2024-10-07 19:23:50.867 | tput: No value for $TERM and no -T specified
2024-10-07 19:23:50.872 | tput: No value for $TERM and no -T specified
2024-10-07 19:23:50.875 | tput: No value for $TERM and no -T specified
2024-10-07 19:23:50.880 | tput: No value for $TERM and no -T specified
2024-10-07 19:23:50.880 | ++functions-common:is_service_enabled:2077  return 0
2024-10-07 19:23:50.882 | tput: No value for $TERM and no -T specified
2024-10-07 19:23:50.887 | tput: No value for $TERM and no -T specified
2024-10-07 19:23:50.887 | ++extras.d/80-tempest.sh:source:4           [[ override_defaults == \s\o\u\r\c\e ]]
2024-10-07 19:23:50.890 | tput: No value for $TERM and no -T specified
2024-10-07 19:23:50.895 | tput: No value for $TERM and no -T specified
2024-10-07 19:23:50.896 | ++extras.d/80-tempest.sh:source:7           [[ override_defaults == \s\t\a\c\k ]]
2024-10-07 19:23:50.898 | tput: No value for $TERM and no -T specified
2024-10-07 19:23:50.903 | tput: No value for $TERM and no -T specified
2024-10-07 19:23:50.904 | ++extras.d/80-tempest.sh:source:10          [[ override_defaults == \s\t\a\c\k ]]
2024-10-07 19:23:50.906 | tput: No value for $TERM and no -T specified
2024-10-07 19:23:50.911 | tput: No value for $TERM and no -T specified
2024-10-07 19:23:50.912 | ++extras.d/80-tempest.sh:source:13          [[ override_defaults == \s\t\a\c\k ]]
2024-10-07 19:23:50.913 | tput: No value for $TERM and no -T specified
2024-10-07 19:23:50.921 | tput: No value for $TERM and no -T specified
2024-10-07 19:23:50.921 | ++extras.d/80-tempest.sh:source:16          [[ override_defaults == \s\t\a\c\k ]]
2024-10-07 19:23:50.925 | tput: No value for $TERM and no -T specified
2024-10-07 19:23:50.931 | tput: No value for $TERM and no -T specified
2024-10-07 19:23:50.932 | ++extras.d/80-tempest.sh:source:19          [[ override_defaults == \s\t\a\c\k ]]
2024-10-07 19:23:50.935 | tput: No value for $TERM and no -T specified
2024-10-07 19:23:50.941 | tput: No value for $TERM and no -T specified
2024-10-07 19:23:50.941 | ++extras.d/80-tempest.sh:source:27          [[ override_defaults == \u\n\s\t\a\c\k ]]
2024-10-07 19:23:50.944 | tput: No value for $TERM and no -T specified
2024-10-07 19:23:50.950 | tput: No value for $TERM and no -T specified
2024-10-07 19:23:50.951 | ++extras.d/80-tempest.sh:source:32          [[ override_defaults == \c\l\e\a\n ]]
2024-10-07 19:23:50.954 | tput: No value for $TERM and no -T specified
2024-10-07 19:23:50.961 | tput: No value for $TERM and no -T specified
2024-10-07 19:23:50.961 | +functions-common:run_phase:1870           [[ override_defaults == \s\o\u\r\c\e ]]
2024-10-07 19:23:50.965 | tput: No value for $TERM and no -T specified
2024-10-07 19:23:50.973 | tput: No value for $TERM and no -T specified
2024-10-07 19:23:50.973 | +functions-common:run_phase:1873           [[ override_defaults == \o\v\e\r\r\i\d\e\_\d\e\f\a\u\l\t\s ]]
2024-10-07 19:23:50.976 | tput: No value for $TERM and no -T specified
2024-10-07 19:23:50.983 | tput: No value for $TERM and no -T specified
2024-10-07 19:23:50.984 | +functions-common:run_phase:1874           plugin_override_defaults
2024-10-07 19:23:50.987 | tput: No value for $TERM and no -T specified
2024-10-07 19:23:50.994 | tput: No value for $TERM and no -T specified
2024-10-07 19:23:50.995 | +functions-common:plugin_override_defaults:1808  local plugins=
2024-10-07 19:23:50.998 | tput: No value for $TERM and no -T specified
2024-10-07 19:23:51.005 | tput: No value for $TERM and no -T specified
2024-10-07 19:23:51.006 | +functions-common:plugin_override_defaults:1809  local plugin
2024-10-07 19:23:51.009 | tput: No value for $TERM and no -T specified
2024-10-07 19:23:51.016 | tput: No value for $TERM and no -T specified
2024-10-07 19:23:51.017 | +functions-common:plugin_override_defaults:1812  [[ -z '' ]]
2024-10-07 19:23:51.019 | tput: No value for $TERM and no -T specified
2024-10-07 19:23:51.026 | tput: No value for $TERM and no -T specified
2024-10-07 19:23:51.026 | +functions-common:plugin_override_defaults:1813  return
2024-10-07 19:23:51.029 | tput: No value for $TERM and no -T specified
2024-10-07 19:23:51.037 | tput: No value for $TERM and no -T specified
2024-10-07 19:23:51.037 | +./stack.sh:main:625                       source /opt/stack/devstack/lib/apache
2024-10-07 19:23:51.042 | tput: No value for $TERM and no -T specified
2024-10-07 19:23:51.043 | tput: No value for $TERM and no -T specified
2024-10-07 19:23:51.048 | tput: No value for $TERM and no -T specified
2024-10-07 19:23:51.050 | tput: No value for $TERM and no -T specified
2024-10-07 19:23:51.054 | tput: No value for $TERM and no -T specified
2024-10-07 19:23:51.059 | tput: No value for $TERM and no -T specified
2024-10-07 19:23:51.062 | tput: No value for $TERM and no -T specified
2024-10-07 19:23:51.067 | tput: No value for $TERM and no -T specified
2024-10-07 19:23:51.076 | tput: No value for $TERM and no -T specified
2024-10-07 19:23:51.081 | tput: No value for $TERM and no -T specified
2024-10-07 19:23:51.082 | +./stack.sh:main:628                       source /opt/stack/devstack/lib/tls
2024-10-07 19:23:51.085 | tput: No value for $TERM and no -T specified
2024-10-07 19:23:51.090 | tput: No value for $TERM and no -T specified
2024-10-07 19:23:51.090 | ++lib/tls:source:38                         is_service_enabled tls-proxy
2024-10-07 19:23:51.093 | tput: No value for $TERM and no -T specified
2024-10-07 19:23:51.098 | tput: No value for $TERM and no -T specified
2024-10-07 19:23:51.102 | tput: No value for $TERM and no -T specified
2024-10-07 19:23:51.102 | tput: No value for $TERM and no -T specified
2024-10-07 19:23:51.107 | tput: No value for $TERM and no -T specified
2024-10-07 19:23:51.108 | tput: No value for $TERM and no -T specified
2024-10-07 19:23:51.111 | tput: No value for $TERM and no -T specified
2024-10-07 19:23:51.117 | tput: No value for $TERM and no -T specified
2024-10-07 19:23:51.118 | tput: No value for $TERM and no -T specified
2024-10-07 19:23:51.123 | tput: No value for $TERM and no -T specified
2024-10-07 19:23:51.126 | tput: No value for $TERM and no -T specified
2024-10-07 19:23:51.130 | tput: No value for $TERM and no -T specified
2024-10-07 19:23:51.130 | ++functions-common:is_service_enabled:2077  return 1
2024-10-07 19:23:51.133 | tput: No value for $TERM and no -T specified
2024-10-07 19:23:51.137 | tput: No value for $TERM and no -T specified
2024-10-07 19:23:51.138 | +++lib/tls:source:43                         hostname -f
2024-10-07 19:23:51.141 | tput: No value for $TERM and no -T specified
2024-10-07 19:23:51.147 | tput: No value for $TERM and no -T specified
2024-10-07 19:23:51.147 | ++lib/tls:source:43                         DEVSTACK_HOSTNAME=localhost
2024-10-07 19:23:51.149 | tput: No value for $TERM and no -T specified
2024-10-07 19:23:51.153 | tput: No value for $TERM and no -T specified
2024-10-07 19:23:51.154 | ++lib/tls:source:44                         DEVSTACK_CERT_NAME=devstack-cert
2024-10-07 19:23:51.156 | tput: No value for $TERM and no -T specified
2024-10-07 19:23:51.161 | tput: No value for $TERM and no -T specified
2024-10-07 19:23:51.161 | ++lib/tls:source:45                         DEVSTACK_CERT=/opt/stack/data/devstack-cert.pem
2024-10-07 19:23:51.164 | tput: No value for $TERM and no -T specified
2024-10-07 19:23:51.169 | tput: No value for $TERM and no -T specified
2024-10-07 19:23:51.170 | ++lib/tls:source:48                         ROOT_CA_DIR=/opt/stack/data/CA/root-ca
2024-10-07 19:23:51.172 | tput: No value for $TERM and no -T specified
2024-10-07 19:23:51.178 | tput: No value for $TERM and no -T specified
2024-10-07 19:23:51.178 | ++lib/tls:source:49                         INT_CA_DIR=/opt/stack/data/CA/int-ca
2024-10-07 19:23:51.181 | tput: No value for $TERM and no -T specified
2024-10-07 19:23:51.186 | tput: No value for $TERM and no -T specified
2024-10-07 19:23:51.186 | ++lib/tls:source:51                         ORG_NAME=OpenStack
2024-10-07 19:23:51.189 | tput: No value for $TERM and no -T specified
2024-10-07 19:23:51.196 | tput: No value for $TERM and no -T specified
2024-10-07 19:23:51.196 | ++lib/tls:source:52                         ORG_UNIT_NAME=DevStack
2024-10-07 19:23:51.198 | tput: No value for $TERM and no -T specified
2024-10-07 19:23:51.206 | tput: No value for $TERM and no -T specified
2024-10-07 19:23:51.206 | ++lib/tls:source:55                         STUD_PROTO=--tls
2024-10-07 19:23:51.209 | tput: No value for $TERM and no -T specified
2024-10-07 19:23:51.215 | tput: No value for $TERM and no -T specified
2024-10-07 19:23:51.215 | ++lib/tls:source:56                         STUD_CIPHERS='TLSv1+HIGH:!DES:!aNULL:!eNULL:@STRENGTH'
2024-10-07 19:23:51.219 | tput: No value for $TERM and no -T specified
2024-10-07 19:23:51.226 | tput: No value for $TERM and no -T specified
2024-10-07 19:23:51.226 | ++lib/tls:source:63                         OPENSSL=/usr/bin/openssl
2024-10-07 19:23:51.238 | tput: No value for $TERM and no -T specified
2024-10-07 19:23:51.246 | tput: No value for $TERM and no -T specified
2024-10-07 19:23:51.246 | +./stack.sh:main:631                       source /opt/stack/devstack/lib/infra
2024-10-07 19:23:51.251 | tput: No value for $TERM and no -T specified
2024-10-07 19:23:51.253 | tput: No value for $TERM and no -T specified
2024-10-07 19:23:51.258 | tput: No value for $TERM and no -T specified
2024-10-07 19:23:51.259 | tput: No value for $TERM and no -T specified
2024-10-07 19:23:51.264 | tput: No value for $TERM and no -T specified
2024-10-07 19:23:51.269 | tput: No value for $TERM and no -T specified
2024-10-07 19:23:51.271 | tput: No value for $TERM and no -T specified
2024-10-07 19:23:51.276 | tput: No value for $TERM and no -T specified
2024-10-07 19:23:51.279 | tput: No value for $TERM and no -T specified
2024-10-07 19:23:51.285 | tput: No value for $TERM and no -T specified
2024-10-07 19:23:51.285 | +./stack.sh:main:632                       source /opt/stack/devstack/lib/libraries
2024-10-07 19:23:51.289 | tput: No value for $TERM and no -T specified
2024-10-07 19:23:51.290 | tput: No value for $TERM and no -T specified
2024-10-07 19:23:51.295 | tput: No value for $TERM and no -T specified
2024-10-07 19:23:51.296 | tput: No value for $TERM and no -T specified
2024-10-07 19:23:51.300 | tput: No value for $TERM and no -T specified
2024-10-07 19:23:51.304 | tput: No value for $TERM and no -T specified
2024-10-07 19:23:51.305 | tput: No value for $TERM and no -T specified
2024-10-07 19:23:51.310 | tput: No value for $TERM and no -T specified
2024-10-07 19:23:51.318 | tput: No value for $TERM and no -T specified
2024-10-07 19:23:51.322 | tput: No value for $TERM and no -T specified
2024-10-07 19:23:51.323 | +./stack.sh:main:633                       source /opt/stack/devstack/lib/lvm
2024-10-07 19:23:51.325 | tput: No value for $TERM and no -T specified
2024-10-07 19:23:51.326 | tput: No value for $TERM and no -T specified
2024-10-07 19:23:51.330 | tput: No value for $TERM and no -T specified
2024-10-07 19:23:51.331 | tput: No value for $TERM and no -T specified
2024-10-07 19:23:51.335 | tput: No value for $TERM and no -T specified
2024-10-07 19:23:51.339 | tput: No value for $TERM and no -T specified
2024-10-07 19:23:51.341 | tput: No value for $TERM and no -T specified
2024-10-07 19:23:51.345 | tput: No value for $TERM and no -T specified
2024-10-07 19:23:51.349 | tput: No value for $TERM and no -T specified
2024-10-07 19:23:51.353 | tput: No value for $TERM and no -T specified
2024-10-07 19:23:51.353 | +./stack.sh:main:634                       source /opt/stack/devstack/lib/horizon
2024-10-07 19:23:51.356 | tput: No value for $TERM and no -T specified
2024-10-07 19:23:51.357 | tput: No value for $TERM and no -T specified
2024-10-07 19:23:51.361 | tput: No value for $TERM and no -T specified
2024-10-07 19:23:51.361 | tput: No value for $TERM and no -T specified
2024-10-07 19:23:51.365 | tput: No value for $TERM and no -T specified
2024-10-07 19:23:51.369 | tput: No value for $TERM and no -T specified
2024-10-07 19:23:51.371 | tput: No value for $TERM and no -T specified
2024-10-07 19:23:51.374 | tput: No value for $TERM and no -T specified
2024-10-07 19:23:51.378 | tput: No value for $TERM and no -T specified
2024-10-07 19:23:51.382 | tput: No value for $TERM and no -T specified
2024-10-07 19:23:51.382 | +./stack.sh:main:635                       source /opt/stack/devstack/lib/keystone
2024-10-07 19:23:51.385 | tput: No value for $TERM and no -T specified
2024-10-07 19:23:51.386 | tput: No value for $TERM and no -T specified
2024-10-07 19:23:51.390 | tput: No value for $TERM and no -T specified
2024-10-07 19:23:51.391 | tput: No value for $TERM and no -T specified
2024-10-07 19:23:51.395 | tput: No value for $TERM and no -T specified
2024-10-07 19:23:51.398 | tput: No value for $TERM and no -T specified
2024-10-07 19:23:51.400 | tput: No value for $TERM and no -T specified
2024-10-07 19:23:51.404 | tput: No value for $TERM and no -T specified
2024-10-07 19:23:51.428 | tput: No value for $TERM and no -T specified
2024-10-07 19:23:51.433 | tput: No value for $TERM and no -T specified
2024-10-07 19:23:51.433 | +./stack.sh:main:636                       source /opt/stack/devstack/lib/glance
2024-10-07 19:23:51.437 | tput: No value for $TERM and no -T specified
2024-10-07 19:23:51.437 | tput: No value for $TERM and no -T specified
2024-10-07 19:23:51.440 | tput: No value for $TERM and no -T specified
2024-10-07 19:23:51.441 | tput: No value for $TERM and no -T specified
2024-10-07 19:23:51.445 | tput: No value for $TERM and no -T specified
2024-10-07 19:23:51.449 | tput: No value for $TERM and no -T specified
2024-10-07 19:23:51.451 | tput: No value for $TERM and no -T specified
2024-10-07 19:23:51.454 | tput: No value for $TERM and no -T specified
2024-10-07 19:23:51.503 | tput: No value for $TERM and no -T specified
2024-10-07 19:23:51.510 | tput: No value for $TERM and no -T specified
2024-10-07 19:23:51.510 | +./stack.sh:main:637                       source /opt/stack/devstack/lib/nova
2024-10-07 19:23:51.514 | tput: No value for $TERM and no -T specified
2024-10-07 19:23:51.515 | tput: No value for $TERM and no -T specified
2024-10-07 19:23:51.520 | tput: No value for $TERM and no -T specified
2024-10-07 19:23:51.520 | tput: No value for $TERM and no -T specified
2024-10-07 19:23:51.524 | tput: No value for $TERM and no -T specified
2024-10-07 19:23:51.529 | tput: No value for $TERM and no -T specified
2024-10-07 19:23:51.530 | tput: No value for $TERM and no -T specified
2024-10-07 19:23:51.535 | tput: No value for $TERM and no -T specified
2024-10-07 19:23:51.625 | tput: No value for $TERM and no -T specified
2024-10-07 19:23:51.631 | tput: No value for $TERM and no -T specified
2024-10-07 19:23:51.631 | +./stack.sh:main:638                       source /opt/stack/devstack/lib/placement
2024-10-07 19:23:51.636 | tput: No value for $TERM and no -T specified
2024-10-07 19:23:51.637 | tput: No value for $TERM and no -T specified
2024-10-07 19:23:51.642 | tput: No value for $TERM and no -T specified
2024-10-07 19:23:51.643 | tput: No value for $TERM and no -T specified
2024-10-07 19:23:51.647 | tput: No value for $TERM and no -T specified
2024-10-07 19:23:51.652 | tput: No value for $TERM and no -T specified
2024-10-07 19:23:51.654 | tput: No value for $TERM and no -T specified
2024-10-07 19:23:51.660 | tput: No value for $TERM and no -T specified
2024-10-07 19:23:51.677 | tput: No value for $TERM and no -T specified
2024-10-07 19:23:51.681 | tput: No value for $TERM and no -T specified
2024-10-07 19:23:51.681 | +./stack.sh:main:639                       source /opt/stack/devstack/lib/cinder
2024-10-07 19:23:51.685 | tput: No value for $TERM and no -T specified
2024-10-07 19:23:51.686 | tput: No value for $TERM and no -T specified
2024-10-07 19:23:51.690 | tput: No value for $TERM and no -T specified
2024-10-07 19:23:51.691 | tput: No value for $TERM and no -T specified
2024-10-07 19:23:51.694 | tput: No value for $TERM and no -T specified
2024-10-07 19:23:51.698 | tput: No value for $TERM and no -T specified
2024-10-07 19:23:51.701 | tput: No value for $TERM and no -T specified
2024-10-07 19:23:51.706 | tput: No value for $TERM and no -T specified
2024-10-07 19:23:51.749 | tput: No value for $TERM and no -T specified
2024-10-07 19:23:51.755 | tput: No value for $TERM and no -T specified
2024-10-07 19:23:51.755 | +./stack.sh:main:640                       source /opt/stack/devstack/lib/swift
2024-10-07 19:23:51.758 | tput: No value for $TERM and no -T specified
2024-10-07 19:23:51.761 | tput: No value for $TERM and no -T specified
2024-10-07 19:23:51.763 | tput: No value for $TERM and no -T specified
2024-10-07 19:23:51.765 | tput: No value for $TERM and no -T specified
2024-10-07 19:23:51.770 | tput: No value for $TERM and no -T specified
2024-10-07 19:23:51.774 | tput: No value for $TERM and no -T specified
2024-10-07 19:23:51.776 | tput: No value for $TERM and no -T specified
2024-10-07 19:23:51.780 | tput: No value for $TERM and no -T specified
2024-10-07 19:23:51.824 | tput: No value for $TERM and no -T specified
2024-10-07 19:23:51.831 | tput: No value for $TERM and no -T specified
2024-10-07 19:23:51.831 | +./stack.sh:main:641                       source /opt/stack/devstack/lib/neutron
2024-10-07 19:23:51.835 | tput: No value for $TERM and no -T specified
2024-10-07 19:23:51.842 | tput: No value for $TERM and no -T specified
2024-10-07 19:23:51.842 | ++lib/neutron:source:61                     is_service_enabled tls-proxy
2024-10-07 19:23:51.845 | tput: No value for $TERM and no -T specified
2024-10-07 19:23:51.852 | tput: No value for $TERM and no -T specified
2024-10-07 19:23:51.857 | tput: No value for $TERM and no -T specified
2024-10-07 19:23:51.858 | tput: No value for $TERM and no -T specified
2024-10-07 19:23:51.863 | tput: No value for $TERM and no -T specified
2024-10-07 19:23:51.864 | tput: No value for $TERM and no -T specified
2024-10-07 19:23:51.868 | tput: No value for $TERM and no -T specified
2024-10-07 19:23:51.873 | tput: No value for $TERM and no -T specified
2024-10-07 19:23:51.875 | tput: No value for $TERM and no -T specified
2024-10-07 19:23:51.879 | tput: No value for $TERM and no -T specified
2024-10-07 19:23:51.881 | tput: No value for $TERM and no -T specified
2024-10-07 19:23:51.886 | tput: No value for $TERM and no -T specified
2024-10-07 19:23:51.887 | ++functions-common:is_service_enabled:2077  return 1
2024-10-07 19:23:51.889 | tput: No value for $TERM and no -T specified
2024-10-07 19:23:51.894 | tput: No value for $TERM and no -T specified
2024-10-07 19:23:51.894 | ++lib/neutron:source:67                     GITDIR["python-neutronclient"]=/opt/stack/python-neutronclient
2024-10-07 19:23:51.898 | tput: No value for $TERM and no -T specified
2024-10-07 19:23:51.904 | tput: No value for $TERM and no -T specified
2024-10-07 19:23:51.904 | ++lib/neutron:source:70                     NEUTRON_DIR=/opt/stack/neutron
2024-10-07 19:23:51.907 | tput: No value for $TERM and no -T specified
2024-10-07 19:23:51.913 | tput: No value for $TERM and no -T specified
2024-10-07 19:23:51.913 | ++lib/neutron:source:71                     NEUTRON_FWAAS_DIR=/opt/stack/neutron-fwaas
2024-10-07 19:23:51.916 | tput: No value for $TERM and no -T specified
2024-10-07 19:23:51.923 | tput: No value for $TERM and no -T specified
2024-10-07 19:23:51.923 | ++lib/neutron:source:74                     [[ -d /opt/stack/neutron/bin/neutron-server ]]
2024-10-07 19:23:51.928 | tput: No value for $TERM and no -T specified
2024-10-07 19:23:51.934 | tput: No value for $TERM and no -T specified
2024-10-07 19:23:51.934 | +++lib/neutron:source:77                     get_python_exec_prefix
2024-10-07 19:23:51.936 | tput: No value for $TERM and no -T specified
2024-10-07 19:23:51.943 | tput: No value for $TERM and no -T specified
2024-10-07 19:23:51.947 | tput: No value for $TERM and no -T specified
2024-10-07 19:23:51.949 | tput: No value for $TERM and no -T specified
2024-10-07 19:23:51.954 | tput: No value for $TERM and no -T specified
2024-10-07 19:23:51.957 | tput: No value for $TERM and no -T specified
2024-10-07 19:23:51.961 | tput: No value for $TERM and no -T specified
2024-10-07 19:23:51.965 | tput: No value for $TERM and no -T specified
2024-10-07 19:23:51.967 | tput: No value for $TERM and no -T specified
2024-10-07 19:23:51.970 | tput: No value for $TERM and no -T specified
2024-10-07 19:23:51.973 | tput: No value for $TERM and no -T specified
2024-10-07 19:23:51.977 | tput: No value for $TERM and no -T specified
2024-10-07 19:23:51.977 | +++inc/python:get_python_exec_prefix:83      [[ True == \T\r\u\e ]]
2024-10-07 19:23:51.979 | tput: No value for $TERM and no -T specified
2024-10-07 19:23:51.985 | tput: No value for $TERM and no -T specified
2024-10-07 19:23:51.985 | +++inc/python:get_python_exec_prefix:84      echo /opt/stack/data/venv/bin
2024-10-07 19:23:51.988 | tput: No value for $TERM and no -T specified
2024-10-07 19:23:51.992 | tput: No value for $TERM and no -T specified
2024-10-07 19:23:51.992 | ++lib/neutron:source:77                     NEUTRON_BIN_DIR=/opt/stack/data/venv/bin
2024-10-07 19:23:51.995 | tput: No value for $TERM and no -T specified
2024-10-07 19:23:52.001 | tput: No value for $TERM and no -T specified
2024-10-07 19:23:52.001 | ++lib/neutron:source:80                     NEUTRON_CONF_DIR=/etc/neutron
2024-10-07 19:23:52.004 | tput: No value for $TERM and no -T specified
2024-10-07 19:23:52.009 | tput: No value for $TERM and no -T specified
2024-10-07 19:23:52.009 | ++lib/neutron:source:81                     NEUTRON_CONF=/etc/neutron/neutron.conf
2024-10-07 19:23:52.013 | tput: No value for $TERM and no -T specified
2024-10-07 19:23:52.018 | tput: No value for $TERM and no -T specified
2024-10-07 19:23:52.018 | ++lib/neutron:source:82                     export NEUTRON_TEST_CONFIG_FILE=/etc/neutron/debug.ini
2024-10-07 19:23:52.022 | tput: No value for $TERM and no -T specified
2024-10-07 19:23:52.028 | tput: No value for $TERM and no -T specified
2024-10-07 19:23:52.029 | ++lib/neutron:source:82                     NEUTRON_TEST_CONFIG_FILE=/etc/neutron/debug.ini
2024-10-07 19:23:52.034 | tput: No value for $TERM and no -T specified
2024-10-07 19:23:52.041 | tput: No value for $TERM and no -T specified
2024-10-07 19:23:52.042 | +++lib/neutron:source:89                     trueorfalse False NEUTRON_DEPLOY_MOD_WSGI
2024-10-07 19:23:52.045 | tput: No value for $TERM and no -T specified
2024-10-07 19:23:52.052 | tput: No value for $TERM and no -T specified
2024-10-07 19:23:52.058 | tput: No value for $TERM and no -T specified
2024-10-07 19:23:52.058 | tput: No value for $TERM and no -T specified
2024-10-07 19:23:52.064 | tput: No value for $TERM and no -T specified
2024-10-07 19:23:52.065 | tput: No value for $TERM and no -T specified
2024-10-07 19:23:52.070 | tput: No value for $TERM and no -T specified
2024-10-07 19:23:52.075 | tput: No value for $TERM and no -T specified
2024-10-07 19:23:52.077 | tput: No value for $TERM and no -T specified
2024-10-07 19:23:52.082 | tput: No value for $TERM and no -T specified
2024-10-07 19:23:52.086 | tput: No value for $TERM and no -T specified
2024-10-07 19:23:52.092 | tput: No value for $TERM and no -T specified
2024-10-07 19:23:52.092 | ++lib/neutron:source:89                     NEUTRON_DEPLOY_MOD_WSGI=False
2024-10-07 19:23:52.094 | tput: No value for $TERM and no -T specified
2024-10-07 19:23:52.102 | tput: No value for $TERM and no -T specified
2024-10-07 19:23:52.103 | ++lib/neutron:source:91                     NEUTRON_UWSGI=neutron.wsgi.api:application
2024-10-07 19:23:52.106 | tput: No value for $TERM and no -T specified
2024-10-07 19:23:52.112 | tput: No value for $TERM and no -T specified
2024-10-07 19:23:52.113 | ++lib/neutron:source:92                     NEUTRON_UWSGI_CONF=/etc/neutron/neutron-api-uwsgi.ini
2024-10-07 19:23:52.116 | tput: No value for $TERM and no -T specified
2024-10-07 19:23:52.123 | tput: No value for $TERM and no -T specified
2024-10-07 19:23:52.123 | +++lib/neutron:source:98                     trueorfalse True NEUTRON_ENFORCE_SCOPE
2024-10-07 19:23:52.126 | tput: No value for $TERM and no -T specified
2024-10-07 19:23:52.133 | tput: No value for $TERM and no -T specified
2024-10-07 19:23:52.138 | tput: No value for $TERM and no -T specified
2024-10-07 19:23:52.139 | tput: No value for $TERM and no -T specified
2024-10-07 19:23:52.146 | tput: No value for $TERM and no -T specified
2024-10-07 19:23:52.147 | tput: No value for $TERM and no -T specified
2024-10-07 19:23:52.152 | tput: No value for $TERM and no -T specified
2024-10-07 19:23:52.159 | tput: No value for $TERM and no -T specified
2024-10-07 19:23:52.161 | tput: No value for $TERM and no -T specified
2024-10-07 19:23:52.165 | tput: No value for $TERM and no -T specified
2024-10-07 19:23:52.169 | tput: No value for $TERM and no -T specified
2024-10-07 19:23:52.175 | tput: No value for $TERM and no -T specified
2024-10-07 19:23:52.175 | ++lib/neutron:source:98                     NEUTRON_ENFORCE_SCOPE=True
2024-10-07 19:23:52.178 | tput: No value for $TERM and no -T specified
2024-10-07 19:23:52.184 | tput: No value for $TERM and no -T specified
2024-10-07 19:23:52.184 | ++lib/neutron:source:102                    AGENT_DHCP_BINARY=/opt/stack/data/venv/bin/neutron-dhcp-agent
2024-10-07 19:23:52.187 | tput: No value for $TERM and no -T specified
2024-10-07 19:23:52.194 | tput: No value for $TERM and no -T specified
2024-10-07 19:23:52.194 | ++lib/neutron:source:103                    AGENT_L3_BINARY=/opt/stack/data/venv/bin/neutron-l3-agent
2024-10-07 19:23:52.197 | tput: No value for $TERM and no -T specified
2024-10-07 19:23:52.204 | tput: No value for $TERM and no -T specified
2024-10-07 19:23:52.204 | ++lib/neutron:source:104                    AGENT_META_BINARY=/opt/stack/data/venv/bin/neutron-metadata-agent
2024-10-07 19:23:52.208 | tput: No value for $TERM and no -T specified
