2024-10-18 10:54:06.979 | tput: No value for $TERM and no -T specified
2024-10-18 10:54:06.980 | tput: No value for $TERM and no -T specified
2024-10-18 10:54:06.980 | +./stack.sh:main:515                       exec
2024-10-18 10:54:06.980 | tput: No value for $TERM and no -T specified
2024-10-18 10:54:06.980 | tput: No value for $TERM and no -T specified
2024-10-18 10:54:06.980 | tput: No value for $TERM and no -T specified
2024-10-18 10:54:06.980 | tput: No value for $TERM and no -T specified
2024-10-18 10:54:06.980 | +./stack.sh:main:523                       echo_summary 'stack.sh log /tmp/devstack_logs/devstacklog.txt.2024-10-18-105406'
2024-10-18 10:54:06.980 | ++./stack.sh:main:515                       /usr/bin/python3.10 /opt/stack/devstack/tools/outfilter.py -o /tmp/devstack_logs/devstacklog.txt.2024-10-18-105406.summary.2024-10-18-105406
2024-10-18 10:54:06.980 | tput: No value for $TERM and no -T specified
2024-10-18 10:54:06.980 | tput: No value for $TERM and no -T specified
2024-10-18 10:54:06.980 | +./stack.sh:echo_summary:468               [[ -t 3 ]]
2024-10-18 10:54:06.980 | tput: No value for $TERM and no -T specified
2024-10-18 10:54:06.980 | tput: No value for $TERM and no -T specified
2024-10-18 10:54:06.980 | +./stack.sh:echo_summary:474               echo -e stack.sh log /tmp/devstack_logs/devstacklog.txt.2024-10-18-105406
2024-10-18 10:54:06.980 | tput: No value for $TERM and no -T specified
2024-10-18 10:54:06.980 | tput: No value for $TERM and no -T specified
2024-10-18 10:54:06.980 | +./stack.sh:main:525                       ln -sf /tmp/devstack_logs/devstacklog.txt.2024-10-18-105406 /tmp/devstack_logs/devstacklog.txt
2024-10-18 10:54:06.980 | tput: No value for $TERM and no -T specified
2024-10-18 10:54:06.980 | tput: No value for $TERM and no -T specified
2024-10-18 10:54:06.980 | +./stack.sh:main:526                       ln -sf /tmp/devstack_logs/devstacklog.txt.2024-10-18-105406.summary.2024-10-18-105406 /tmp/devstack_logs/devstacklog.txt.summary
2024-10-18 10:54:06.980 | tput: No value for $TERM and no -T specified
2024-10-18 10:54:06.984 | tput: No value for $TERM and no -T specified
2024-10-18 10:54:06.985 | +./stack.sh:main:541                       check_path_perm_sanity /opt/stack
2024-10-18 10:54:06.986 | tput: No value for $TERM and no -T specified
2024-10-18 10:54:06.990 | tput: No value for $TERM and no -T specified
2024-10-18 10:54:06.991 | +functions:check_path_perm_sanity:607      local real_path
2024-10-18 10:54:06.993 | tput: No value for $TERM and no -T specified
2024-10-18 10:54:06.997 | tput: No value for $TERM and no -T specified
2024-10-18 10:54:06.998 | ++functions:check_path_perm_sanity:608      readlink -f /opt/stack
2024-10-18 10:54:07.000 | tput: No value for $TERM and no -T specified
2024-10-18 10:54:07.007 | tput: No value for $TERM and no -T specified
2024-10-18 10:54:07.007 | +functions:check_path_perm_sanity:608      real_path=/opt/stack
2024-10-18 10:54:07.009 | tput: No value for $TERM and no -T specified
2024-10-18 10:54:07.014 | tput: No value for $TERM and no -T specified
2024-10-18 10:54:07.014 | +functions:check_path_perm_sanity:609      local rebuilt_path=
2024-10-18 10:54:07.017 | tput: No value for $TERM and no -T specified
2024-10-18 10:54:07.018 | tput: No value for $TERM and no -T specified
2024-10-18 10:54:07.025 | tput: No value for $TERM and no -T specified
2024-10-18 10:54:07.025 | ++functions:check_path_perm_sanity:610      echo /opt/stack
2024-10-18 10:54:07.025 | tput: No value for $TERM and no -T specified
2024-10-18 10:54:07.026 | ++functions:check_path_perm_sanity:610      tr / ' '
2024-10-18 10:54:07.029 | tput: No value for $TERM and no -T specified
2024-10-18 10:54:07.034 | tput: No value for $TERM and no -T specified
2024-10-18 10:54:07.034 | +functions:check_path_perm_sanity:610      for i in $(echo ${real_path} | tr "/" " ")
2024-10-18 10:54:07.037 | tput: No value for $TERM and no -T specified
2024-10-18 10:54:07.044 | tput: No value for $TERM and no -T specified
2024-10-18 10:54:07.045 | +functions:check_path_perm_sanity:611      rebuilt_path=/opt
2024-10-18 10:54:07.050 | tput: No value for $TERM and no -T specified
2024-10-18 10:54:07.058 | tput: No value for $TERM and no -T specified
2024-10-18 10:54:07.058 | ++functions:check_path_perm_sanity:613      stat -c %a /opt
2024-10-18 10:54:07.064 | tput: No value for $TERM and no -T specified
2024-10-18 10:54:07.072 | tput: No value for $TERM and no -T specified
2024-10-18 10:54:07.072 | +functions:check_path_perm_sanity:613      [[ 755 = 700 ]]
2024-10-18 10:54:07.076 | tput: No value for $TERM and no -T specified
2024-10-18 10:54:07.084 | tput: No value for $TERM and no -T specified
2024-10-18 10:54:07.084 | +functions:check_path_perm_sanity:610      for i in $(echo ${real_path} | tr "/" " ")
2024-10-18 10:54:07.090 | tput: No value for $TERM and no -T specified
2024-10-18 10:54:07.099 | tput: No value for $TERM and no -T specified
2024-10-18 10:54:07.099 | +functions:check_path_perm_sanity:611      rebuilt_path=/opt/stack
2024-10-18 10:54:07.105 | tput: No value for $TERM and no -T specified
2024-10-18 10:54:07.113 | tput: No value for $TERM and no -T specified
2024-10-18 10:54:07.113 | ++functions:check_path_perm_sanity:613      stat -c %a /opt/stack
2024-10-18 10:54:07.119 | tput: No value for $TERM and no -T specified
2024-10-18 10:54:07.127 | tput: No value for $TERM and no -T specified
2024-10-18 10:54:07.127 | +functions:check_path_perm_sanity:613      [[ 777 = 700 ]]
2024-10-18 10:54:07.130 | tput: No value for $TERM and no -T specified
2024-10-18 10:54:07.137 | tput: No value for $TERM and no -T specified
2024-10-18 10:54:07.137 | +./stack.sh:main:547                       trap exit_trap EXIT
2024-10-18 10:54:07.141 | tput: No value for $TERM and no -T specified
2024-10-18 10:54:07.150 | tput: No value for $TERM and no -T specified
2024-10-18 10:54:07.151 | +./stack.sh:main:588                       trap err_trap ERR
2024-10-18 10:54:07.155 | tput: No value for $TERM and no -T specified
2024-10-18 10:54:07.163 | tput: No value for $TERM and no -T specified
2024-10-18 10:54:07.164 | +./stack.sh:main:601                       set -o errexit
2024-10-18 10:54:07.168 | tput: No value for $TERM and no -T specified
2024-10-18 10:54:07.177 | tput: No value for $TERM and no -T specified
2024-10-18 10:54:07.178 | +./stack.sh:main:604                       uname -a
2024-10-18 10:54:07.180 | Linux jammy-provider-cloud-0000007736 5.15.0-107-generic #117-Ubuntu SMP Fri Apr 26 12:26:49 UTC 2024 x86_64 x86_64 x86_64 GNU/Linux
2024-10-18 10:54:07.184 | tput: No value for $TERM and no -T specified
2024-10-18 10:54:07.192 | tput: No value for $TERM and no -T specified
2024-10-18 10:54:07.193 | +./stack.sh:main:607                       SSL_BUNDLE_FILE=/opt/stack/data/ca-bundle.pem
2024-10-18 10:54:07.197 | tput: No value for $TERM and no -T specified
2024-10-18 10:54:07.206 | tput: No value for $TERM and no -T specified
2024-10-18 10:54:07.206 | +./stack.sh:main:608                       rm -f /opt/stack/data/ca-bundle.pem
2024-10-18 10:54:07.213 | tput: No value for $TERM and no -T specified
2024-10-18 10:54:07.221 | tput: No value for $TERM and no -T specified
2024-10-18 10:54:07.222 | +./stack.sh:main:611                       source /opt/stack/devstack/lib/database
2024-10-18 10:54:07.227 | tput: No value for $TERM and no -T specified
2024-10-18 10:54:07.229 | tput: No value for $TERM and no -T specified
2024-10-18 10:54:07.233 | tput: No value for $TERM and no -T specified
2024-10-18 10:54:07.237 | tput: No value for $TERM and no -T specified
2024-10-18 10:54:07.246 | tput: No value for $TERM and no -T specified
2024-10-18 10:54:07.255 | tput: No value for $TERM and no -T specified
2024-10-18 10:54:07.258 | tput: No value for $TERM and no -T specified
2024-10-18 10:54:07.266 | tput: No value for $TERM and no -T specified
2024-10-18 10:54:07.327 | tput: No value for $TERM and no -T specified
2024-10-18 10:54:07.335 | tput: No value for $TERM and no -T specified
2024-10-18 10:54:07.336 | +./stack.sh:main:612                       source /opt/stack/devstack/lib/rpc_backend
2024-10-18 10:54:07.341 | tput: No value for $TERM and no -T specified
2024-10-18 10:54:07.343 | tput: No value for $TERM and no -T specified
2024-10-18 10:54:07.349 | tput: No value for $TERM and no -T specified
2024-10-18 10:54:07.350 | tput: No value for $TERM and no -T specified
2024-10-18 10:54:07.360 | tput: No value for $TERM and no -T specified
2024-10-18 10:54:07.368 | tput: No value for $TERM and no -T specified
2024-10-18 10:54:07.372 | tput: No value for $TERM and no -T specified
2024-10-18 10:54:07.380 | tput: No value for $TERM and no -T specified
2024-10-18 10:54:07.393 | tput: No value for $TERM and no -T specified
2024-10-18 10:54:07.402 | tput: No value for $TERM and no -T specified
2024-10-18 10:54:07.403 | +./stack.sh:main:618                       fetch_plugins
2024-10-18 10:54:07.407 | tput: No value for $TERM and no -T specified
2024-10-18 10:54:07.416 | tput: No value for $TERM and no -T specified
2024-10-18 10:54:07.416 | +functions-common:fetch_plugins:1767       local plugins=
2024-10-18 10:54:07.420 | tput: No value for $TERM and no -T specified
2024-10-18 10:54:07.430 | tput: No value for $TERM and no -T specified
2024-10-18 10:54:07.430 | +functions-common:fetch_plugins:1768       local plugin
2024-10-18 10:54:07.434 | tput: No value for $TERM and no -T specified
2024-10-18 10:54:07.443 | tput: No value for $TERM and no -T specified
2024-10-18 10:54:07.444 | +functions-common:fetch_plugins:1771       [[ -z '' ]]
2024-10-18 10:54:07.447 | tput: No value for $TERM and no -T specified
2024-10-18 10:54:07.455 | tput: No value for $TERM and no -T specified
2024-10-18 10:54:07.456 | +functions-common:fetch_plugins:1772       return
2024-10-18 10:54:07.461 | tput: No value for $TERM and no -T specified
2024-10-18 10:54:07.469 | tput: No value for $TERM and no -T specified
2024-10-18 10:54:07.469 | +./stack.sh:main:622                       run_phase override_defaults
2024-10-18 10:54:07.473 | tput: No value for $TERM and no -T specified
2024-10-18 10:54:07.481 | tput: No value for $TERM and no -T specified
2024-10-18 10:54:07.482 | +functions-common:run_phase:1849           local mode=override_defaults
2024-10-18 10:54:07.486 | tput: No value for $TERM and no -T specified
2024-10-18 10:54:07.495 | tput: No value for $TERM and no -T specified
2024-10-18 10:54:07.495 | +functions-common:run_phase:1850           local phase=
2024-10-18 10:54:07.499 | tput: No value for $TERM and no -T specified
2024-10-18 10:54:07.507 | tput: No value for $TERM and no -T specified
2024-10-18 10:54:07.507 | +functions-common:run_phase:1851           [[ -d /opt/stack/devstack/extras.d ]]
2024-10-18 10:54:07.510 | tput: No value for $TERM and no -T specified
2024-10-18 10:54:07.517 | tput: No value for $TERM and no -T specified
2024-10-18 10:54:07.517 | +functions-common:run_phase:1852           local extra_plugin_file_name
2024-10-18 10:54:07.521 | tput: No value for $TERM and no -T specified
2024-10-18 10:54:07.529 | tput: No value for $TERM and no -T specified
2024-10-18 10:54:07.529 | +functions-common:run_phase:1853           for extra_plugin_file_name in $TOP_DIR/extras.d/*.sh
2024-10-18 10:54:07.533 | tput: No value for $TERM and no -T specified
2024-10-18 10:54:07.542 | tput: No value for $TERM and no -T specified
2024-10-18 10:54:07.542 | +functions-common:run_phase:1858           local exceptions=80-tempest.sh
2024-10-18 10:54:07.546 | tput: No value for $TERM and no -T specified
2024-10-18 10:54:07.554 | tput: No value for $TERM and no -T specified
2024-10-18 10:54:07.554 | +functions-common:run_phase:1859           local extra
2024-10-18 10:54:07.558 | tput: No value for $TERM and no -T specified
2024-10-18 10:54:07.566 | tput: No value for $TERM and no -T specified
2024-10-18 10:54:07.566 | ++functions-common:run_phase:1860           basename /opt/stack/devstack/extras.d/80-tempest.sh
2024-10-18 10:54:07.572 | tput: No value for $TERM and no -T specified
2024-10-18 10:54:07.580 | tput: No value for $TERM and no -T specified
2024-10-18 10:54:07.581 | +functions-common:run_phase:1860           extra=80-tempest.sh
2024-10-18 10:54:07.585 | tput: No value for $TERM and no -T specified
2024-10-18 10:54:07.593 | tput: No value for $TERM and no -T specified
2024-10-18 10:54:07.594 | +functions-common:run_phase:1861           [[ 80-tempest.sh =~ 80-tempest\.sh ]]
2024-10-18 10:54:07.598 | tput: No value for $TERM and no -T specified
2024-10-18 10:54:07.606 | tput: No value for $TERM and no -T specified
2024-10-18 10:54:07.607 | +functions-common:run_phase:1865           [[ -r /opt/stack/devstack/extras.d/80-tempest.sh ]]
2024-10-18 10:54:07.611 | tput: No value for $TERM and no -T specified
2024-10-18 10:54:07.619 | tput: No value for $TERM and no -T specified
2024-10-18 10:54:07.620 | +functions-common:run_phase:1865           source /opt/stack/devstack/extras.d/80-tempest.sh override_defaults
2024-10-18 10:54:07.625 | tput: No value for $TERM and no -T specified
2024-10-18 10:54:07.633 | tput: No value for $TERM and no -T specified
2024-10-18 10:54:07.634 | ++extras.d/80-tempest.sh:source:3           is_service_enabled tempest
2024-10-18 10:54:07.638 | tput: No value for $TERM and no -T specified
2024-10-18 10:54:07.646 | tput: No value for $TERM and no -T specified
2024-10-18 10:54:07.653 | tput: No value for $TERM and no -T specified
2024-10-18 10:54:07.654 | tput: No value for $TERM and no -T specified
2024-10-18 10:54:07.660 | tput: No value for $TERM and no -T specified
2024-10-18 10:54:07.662 | tput: No value for $TERM and no -T specified
2024-10-18 10:54:07.671 | tput: No value for $TERM and no -T specified
2024-10-18 10:54:07.677 | tput: No value for $TERM and no -T specified
2024-10-18 10:54:07.681 | tput: No value for $TERM and no -T specified
2024-10-18 10:54:07.689 | tput: No value for $TERM and no -T specified
2024-10-18 10:54:07.694 | tput: No value for $TERM and no -T specified
2024-10-18 10:54:07.703 | tput: No value for $TERM and no -T specified
2024-10-18 10:54:07.703 | ++functions-common:is_service_enabled:2077  return 0
2024-10-18 10:54:07.709 | tput: No value for $TERM and no -T specified
2024-10-18 10:54:07.716 | tput: No value for $TERM and no -T specified
2024-10-18 10:54:07.716 | ++extras.d/80-tempest.sh:source:4           [[ override_defaults == \s\o\u\r\c\e ]]
2024-10-18 10:54:07.720 | tput: No value for $TERM and no -T specified
2024-10-18 10:54:07.727 | tput: No value for $TERM and no -T specified
2024-10-18 10:54:07.727 | ++extras.d/80-tempest.sh:source:7           [[ override_defaults == \s\t\a\c\k ]]
2024-10-18 10:54:07.730 | tput: No value for $TERM and no -T specified
2024-10-18 10:54:07.737 | tput: No value for $TERM and no -T specified
2024-10-18 10:54:07.737 | ++extras.d/80-tempest.sh:source:10          [[ override_defaults == \s\t\a\c\k ]]
2024-10-18 10:54:07.740 | tput: No value for $TERM and no -T specified
2024-10-18 10:54:07.746 | tput: No value for $TERM and no -T specified
2024-10-18 10:54:07.747 | ++extras.d/80-tempest.sh:source:13          [[ override_defaults == \s\t\a\c\k ]]
2024-10-18 10:54:07.750 | tput: No value for $TERM and no -T specified
2024-10-18 10:54:07.755 | tput: No value for $TERM and no -T specified
2024-10-18 10:54:07.756 | ++extras.d/80-tempest.sh:source:16          [[ override_defaults == \s\t\a\c\k ]]
2024-10-18 10:54:07.759 | tput: No value for $TERM and no -T specified
2024-10-18 10:54:07.766 | tput: No value for $TERM and no -T specified
2024-10-18 10:54:07.766 | ++extras.d/80-tempest.sh:source:19          [[ override_defaults == \s\t\a\c\k ]]
2024-10-18 10:54:07.769 | tput: No value for $TERM and no -T specified
2024-10-18 10:54:07.776 | tput: No value for $TERM and no -T specified
2024-10-18 10:54:07.776 | ++extras.d/80-tempest.sh:source:27          [[ override_defaults == \u\n\s\t\a\c\k ]]
2024-10-18 10:54:07.779 | tput: No value for $TERM and no -T specified
2024-10-18 10:54:07.786 | tput: No value for $TERM and no -T specified
2024-10-18 10:54:07.787 | ++extras.d/80-tempest.sh:source:32          [[ override_defaults == \c\l\e\a\n ]]
2024-10-18 10:54:07.790 | tput: No value for $TERM and no -T specified
2024-10-18 10:54:07.797 | tput: No value for $TERM and no -T specified
2024-10-18 10:54:07.797 | +functions-common:run_phase:1870           [[ override_defaults == \s\o\u\r\c\e ]]
2024-10-18 10:54:07.800 | tput: No value for $TERM and no -T specified
2024-10-18 10:54:07.807 | tput: No value for $TERM and no -T specified
2024-10-18 10:54:07.807 | +functions-common:run_phase:1873           [[ override_defaults == \o\v\e\r\r\i\d\e\_\d\e\f\a\u\l\t\s ]]
2024-10-18 10:54:07.809 | tput: No value for $TERM and no -T specified
2024-10-18 10:54:07.816 | tput: No value for $TERM and no -T specified
2024-10-18 10:54:07.816 | +functions-common:run_phase:1874           plugin_override_defaults
2024-10-18 10:54:07.819 | tput: No value for $TERM and no -T specified
2024-10-18 10:54:07.825 | tput: No value for $TERM and no -T specified
2024-10-18 10:54:07.826 | +functions-common:plugin_override_defaults:1808  local plugins=
2024-10-18 10:54:07.828 | tput: No value for $TERM and no -T specified
2024-10-18 10:54:07.834 | tput: No value for $TERM and no -T specified
2024-10-18 10:54:07.834 | +functions-common:plugin_override_defaults:1809  local plugin
2024-10-18 10:54:07.836 | tput: No value for $TERM and no -T specified
2024-10-18 10:54:07.842 | tput: No value for $TERM and no -T specified
2024-10-18 10:54:07.842 | +functions-common:plugin_override_defaults:1812  [[ -z '' ]]
2024-10-18 10:54:07.844 | tput: No value for $TERM and no -T specified
2024-10-18 10:54:07.850 | tput: No value for $TERM and no -T specified
2024-10-18 10:54:07.850 | +functions-common:plugin_override_defaults:1813  return
2024-10-18 10:54:07.854 | tput: No value for $TERM and no -T specified
2024-10-18 10:54:07.860 | tput: No value for $TERM and no -T specified
2024-10-18 10:54:07.860 | +./stack.sh:main:625                       source /opt/stack/devstack/lib/apache
2024-10-18 10:54:07.866 | tput: No value for $TERM and no -T specified
2024-10-18 10:54:07.867 | tput: No value for $TERM and no -T specified
2024-10-18 10:54:07.872 | tput: No value for $TERM and no -T specified
2024-10-18 10:54:07.874 | tput: No value for $TERM and no -T specified
2024-10-18 10:54:07.879 | tput: No value for $TERM and no -T specified
2024-10-18 10:54:07.883 | tput: No value for $TERM and no -T specified
2024-10-18 10:54:07.886 | tput: No value for $TERM and no -T specified
2024-10-18 10:54:07.890 | tput: No value for $TERM and no -T specified
2024-10-18 10:54:07.898 | tput: No value for $TERM and no -T specified
2024-10-18 10:54:07.901 | tput: No value for $TERM and no -T specified
2024-10-18 10:54:07.901 | +./stack.sh:main:628                       source /opt/stack/devstack/lib/tls
2024-10-18 10:54:07.903 | tput: No value for $TERM and no -T specified
2024-10-18 10:54:07.909 | tput: No value for $TERM and no -T specified
2024-10-18 10:54:07.909 | ++lib/tls:source:38                         is_service_enabled tls-proxy
2024-10-18 10:54:07.911 | tput: No value for $TERM and no -T specified
2024-10-18 10:54:07.915 | tput: No value for $TERM and no -T specified
2024-10-18 10:54:07.918 | tput: No value for $TERM and no -T specifiedtput: No value for $TERM and no -T specified
2024-10-18 10:54:07.918 | 
2024-10-18 10:54:07.923 | tput: No value for $TERM and no -T specified
2024-10-18 10:54:07.923 | tput: No value for $TERM and no -T specified
2024-10-18 10:54:07.926 | tput: No value for $TERM and no -T specified
2024-10-18 10:54:07.930 | tput: No value for $TERM and no -T specified
2024-10-18 10:54:07.932 | tput: No value for $TERM and no -T specified
2024-10-18 10:54:07.935 | tput: No value for $TERM and no -T specified
2024-10-18 10:54:07.936 | tput: No value for $TERM and no -T specified
2024-10-18 10:54:07.939 | tput: No value for $TERM and no -T specified
2024-10-18 10:54:07.940 | ++functions-common:is_service_enabled:2077  return 1
2024-10-18 10:54:07.942 | tput: No value for $TERM and no -T specified
2024-10-18 10:54:07.945 | tput: No value for $TERM and no -T specified
2024-10-18 10:54:07.946 | +++lib/tls:source:43                         hostname -f
2024-10-18 10:54:07.948 | tput: No value for $TERM and no -T specified
2024-10-18 10:54:07.951 | tput: No value for $TERM and no -T specified
2024-10-18 10:54:07.951 | ++lib/tls:source:43                         DEVSTACK_HOSTNAME=localhost
2024-10-18 10:54:07.953 | tput: No value for $TERM and no -T specified
2024-10-18 10:54:07.956 | tput: No value for $TERM and no -T specified
2024-10-18 10:54:07.956 | ++lib/tls:source:44                         DEVSTACK_CERT_NAME=devstack-cert
2024-10-18 10:54:07.958 | tput: No value for $TERM and no -T specified
2024-10-18 10:54:07.961 | tput: No value for $TERM and no -T specified
2024-10-18 10:54:07.961 | ++lib/tls:source:45                         DEVSTACK_CERT=/opt/stack/data/devstack-cert.pem
2024-10-18 10:54:07.963 | tput: No value for $TERM and no -T specified
2024-10-18 10:54:07.966 | tput: No value for $TERM and no -T specified
2024-10-18 10:54:07.966 | ++lib/tls:source:48                         ROOT_CA_DIR=/opt/stack/data/CA/root-ca
2024-10-18 10:54:07.968 | tput: No value for $TERM and no -T specified
2024-10-18 10:54:07.971 | tput: No value for $TERM and no -T specified
2024-10-18 10:54:07.972 | ++lib/tls:source:49                         INT_CA_DIR=/opt/stack/data/CA/int-ca
2024-10-18 10:54:07.973 | tput: No value for $TERM and no -T specified
2024-10-18 10:54:07.977 | tput: No value for $TERM and no -T specified
2024-10-18 10:54:07.978 | ++lib/tls:source:51                         ORG_NAME=OpenStack
2024-10-18 10:54:07.979 | tput: No value for $TERM and no -T specified
2024-10-18 10:54:07.982 | tput: No value for $TERM and no -T specified
2024-10-18 10:54:07.983 | ++lib/tls:source:52                         ORG_UNIT_NAME=DevStack
2024-10-18 10:54:07.984 | tput: No value for $TERM and no -T specified
2024-10-18 10:54:07.989 | tput: No value for $TERM and no -T specified
2024-10-18 10:54:07.989 | ++lib/tls:source:55                         STUD_PROTO=--tls
2024-10-18 10:54:07.990 | tput: No value for $TERM and no -T specified
2024-10-18 10:54:07.995 | tput: No value for $TERM and no -T specified
2024-10-18 10:54:07.995 | ++lib/tls:source:56                         STUD_CIPHERS='TLSv1+HIGH:!DES:!aNULL:!eNULL:@STRENGTH'
2024-10-18 10:54:07.999 | tput: No value for $TERM and no -T specified
2024-10-18 10:54:08.003 | tput: No value for $TERM and no -T specified
2024-10-18 10:54:08.003 | ++lib/tls:source:63                         OPENSSL=/usr/bin/openssl
2024-10-18 10:54:08.009 | tput: No value for $TERM and no -T specified
2024-10-18 10:54:08.012 | tput: No value for $TERM and no -T specified
2024-10-18 10:54:08.012 | +./stack.sh:main:631                       source /opt/stack/devstack/lib/infra
2024-10-18 10:54:08.015 | tput: No value for $TERM and no -T specified
2024-10-18 10:54:08.017 | tput: No value for $TERM and no -T specified
2024-10-18 10:54:08.019 | tput: No value for $TERM and no -T specified
2024-10-18 10:54:08.020 | tput: No value for $TERM and no -T specified
2024-10-18 10:54:08.024 | tput: No value for $TERM and no -T specified
2024-10-18 10:54:08.027 | tput: No value for $TERM and no -T specified
2024-10-18 10:54:08.030 | tput: No value for $TERM and no -T specified
2024-10-18 10:54:08.033 | tput: No value for $TERM and no -T specified
2024-10-18 10:54:08.035 | tput: No value for $TERM and no -T specified
2024-10-18 10:54:08.039 | tput: No value for $TERM and no -T specified
2024-10-18 10:54:08.039 | +./stack.sh:main:632                       source /opt/stack/devstack/lib/libraries
2024-10-18 10:54:08.042 | tput: No value for $TERM and no -T specified
2024-10-18 10:54:08.042 | tput: No value for $TERM and no -T specified
2024-10-18 10:54:08.046 | tput: No value for $TERM and no -T specified
2024-10-18 10:54:08.048 | tput: No value for $TERM and no -T specified
2024-10-18 10:54:08.051 | tput: No value for $TERM and no -T specified
2024-10-18 10:54:08.055 | tput: No value for $TERM and no -T specified
2024-10-18 10:54:08.056 | tput: No value for $TERM and no -T specified
2024-10-18 10:54:08.060 | tput: No value for $TERM and no -T specified
2024-10-18 10:54:08.066 | tput: No value for $TERM and no -T specified
2024-10-18 10:54:08.069 | tput: No value for $TERM and no -T specified
2024-10-18 10:54:08.069 | +./stack.sh:main:633                       source /opt/stack/devstack/lib/lvm
2024-10-18 10:54:08.072 | tput: No value for $TERM and no -T specified
2024-10-18 10:54:08.072 | tput: No value for $TERM and no -T specified
2024-10-18 10:54:08.075 | tput: No value for $TERM and no -T specified
2024-10-18 10:54:08.076 | tput: No value for $TERM and no -T specified
2024-10-18 10:54:08.079 | tput: No value for $TERM and no -T specified
2024-10-18 10:54:08.082 | tput: No value for $TERM and no -T specified
2024-10-18 10:54:08.084 | tput: No value for $TERM and no -T specified
2024-10-18 10:54:08.086 | tput: No value for $TERM and no -T specified
2024-10-18 10:54:08.089 | tput: No value for $TERM and no -T specified
2024-10-18 10:54:08.092 | tput: No value for $TERM and no -T specified
2024-10-18 10:54:08.092 | +./stack.sh:main:634                       source /opt/stack/devstack/lib/horizon
2024-10-18 10:54:08.094 | tput: No value for $TERM and no -T specified
2024-10-18 10:54:08.094 | tput: No value for $TERM and no -T specified
2024-10-18 10:54:08.097 | tput: No value for $TERM and no -T specified
2024-10-18 10:54:08.098 | tput: No value for $TERM and no -T specified
2024-10-18 10:54:08.100 | tput: No value for $TERM and no -T specified
2024-10-18 10:54:08.102 | tput: No value for $TERM and no -T specified
2024-10-18 10:54:08.104 | tput: No value for $TERM and no -T specified
2024-10-18 10:54:08.107 | tput: No value for $TERM and no -T specified
2024-10-18 10:54:08.109 | tput: No value for $TERM and no -T specified
2024-10-18 10:54:08.112 | tput: No value for $TERM and no -T specified
2024-10-18 10:54:08.112 | +./stack.sh:main:635                       source /opt/stack/devstack/lib/keystone
2024-10-18 10:54:08.114 | tput: No value for $TERM and no -T specified
2024-10-18 10:54:08.114 | tput: No value for $TERM and no -T specified
2024-10-18 10:54:08.118 | tput: No value for $TERM and no -T specified
2024-10-18 10:54:08.119 | tput: No value for $TERM and no -T specified
2024-10-18 10:54:08.122 | tput: No value for $TERM and no -T specified
2024-10-18 10:54:08.124 | tput: No value for $TERM and no -T specified
2024-10-18 10:54:08.126 | tput: No value for $TERM and no -T specified
2024-10-18 10:54:08.129 | tput: No value for $TERM and no -T specified
2024-10-18 10:54:08.148 | tput: No value for $TERM and no -T specified
2024-10-18 10:54:08.151 | tput: No value for $TERM and no -T specified
2024-10-18 10:54:08.151 | +./stack.sh:main:636                       source /opt/stack/devstack/lib/glance
2024-10-18 10:54:08.153 | tput: No value for $TERM and no -T specified
2024-10-18 10:54:08.154 | tput: No value for $TERM and no -T specified
2024-10-18 10:54:08.157 | tput: No value for $TERM and no -T specified
2024-10-18 10:54:08.158 | tput: No value for $TERM and no -T specified
2024-10-18 10:54:08.160 | tput: No value for $TERM and no -T specified
2024-10-18 10:54:08.164 | tput: No value for $TERM and no -T specified
2024-10-18 10:54:08.166 | tput: No value for $TERM and no -T specified
2024-10-18 10:54:08.170 | tput: No value for $TERM and no -T specified
2024-10-18 10:54:08.211 | tput: No value for $TERM and no -T specified
2024-10-18 10:54:08.214 | tput: No value for $TERM and no -T specified
2024-10-18 10:54:08.214 | +./stack.sh:main:637                       source /opt/stack/devstack/lib/nova
2024-10-18 10:54:08.217 | tput: No value for $TERM and no -T specified
2024-10-18 10:54:08.218 | tput: No value for $TERM and no -T specified
2024-10-18 10:54:08.220 | tput: No value for $TERM and no -T specified
2024-10-18 10:54:08.222 | tput: No value for $TERM and no -T specified
2024-10-18 10:54:08.226 | tput: No value for $TERM and no -T specified
2024-10-18 10:54:08.229 | tput: No value for $TERM and no -T specified
2024-10-18 10:54:08.231 | tput: No value for $TERM and no -T specified
2024-10-18 10:54:08.234 | tput: No value for $TERM and no -T specified
2024-10-18 10:54:08.305 | tput: No value for $TERM and no -T specified
2024-10-18 10:54:08.310 | tput: No value for $TERM and no -T specified
2024-10-18 10:54:08.310 | +./stack.sh:main:638                       source /opt/stack/devstack/lib/placement
2024-10-18 10:54:08.313 | tput: No value for $TERM and no -T specified
2024-10-18 10:54:08.315 | tput: No value for $TERM and no -T specified
2024-10-18 10:54:08.317 | tput: No value for $TERM and no -T specified
2024-10-18 10:54:08.320 | tput: No value for $TERM and no -T specified
2024-10-18 10:54:08.323 | tput: No value for $TERM and no -T specified
2024-10-18 10:54:08.327 | tput: No value for $TERM and no -T specified
2024-10-18 10:54:08.328 | tput: No value for $TERM and no -T specified
2024-10-18 10:54:08.332 | tput: No value for $TERM and no -T specified
2024-10-18 10:54:08.346 | tput: No value for $TERM and no -T specified
2024-10-18 10:54:08.350 | tput: No value for $TERM and no -T specified
2024-10-18 10:54:08.350 | +./stack.sh:main:639                       source /opt/stack/devstack/lib/cinder
2024-10-18 10:54:08.352 | tput: No value for $TERM and no -T specified
2024-10-18 10:54:08.353 | tput: No value for $TERM and no -T specified
2024-10-18 10:54:08.356 | tput: No value for $TERM and no -T specified
2024-10-18 10:54:08.357 | tput: No value for $TERM and no -T specified
2024-10-18 10:54:08.361 | tput: No value for $TERM and no -T specified
2024-10-18 10:54:08.364 | tput: No value for $TERM and no -T specified
2024-10-18 10:54:08.365 | tput: No value for $TERM and no -T specified
2024-10-18 10:54:08.369 | tput: No value for $TERM and no -T specified
2024-10-18 10:54:08.406 | tput: No value for $TERM and no -T specified
2024-10-18 10:54:08.409 | tput: No value for $TERM and no -T specified
2024-10-18 10:54:08.409 | +./stack.sh:main:640                       source /opt/stack/devstack/lib/swift
2024-10-18 10:54:08.412 | tput: No value for $TERM and no -T specified
2024-10-18 10:54:08.412 | tput: No value for $TERM and no -T specified
2024-10-18 10:54:08.416 | tput: No value for $TERM and no -T specified
2024-10-18 10:54:08.416 | tput: No value for $TERM and no -T specified
2024-10-18 10:54:08.419 | tput: No value for $TERM and no -T specified
2024-10-18 10:54:08.422 | tput: No value for $TERM and no -T specified
2024-10-18 10:54:08.423 | tput: No value for $TERM and no -T specified
2024-10-18 10:54:08.426 | tput: No value for $TERM and no -T specified
2024-10-18 10:54:08.458 | tput: No value for $TERM and no -T specified
2024-10-18 10:54:08.463 | tput: No value for $TERM and no -T specified
2024-10-18 10:54:08.463 | +./stack.sh:main:641                       source /opt/stack/devstack/lib/neutron
2024-10-18 10:54:08.466 | tput: No value for $TERM and no -T specified
2024-10-18 10:54:08.474 | tput: No value for $TERM and no -T specified
2024-10-18 10:54:08.474 | ++lib/neutron:source:61                     is_service_enabled tls-proxy
2024-10-18 10:54:08.476 | tput: No value for $TERM and no -T specified
2024-10-18 10:54:08.481 | tput: No value for $TERM and no -T specified
2024-10-18 10:54:08.485 | tput: No value for $TERM and no -T specified
2024-10-18 10:54:08.486 | tput: No value for $TERM and no -T specified
2024-10-18 10:54:08.491 | tput: No value for $TERM and no -T specified
2024-10-18 10:54:08.491 | tput: No value for $TERM and no -T specified
2024-10-18 10:54:08.496 | tput: No value for $TERM and no -T specified
2024-10-18 10:54:08.500 | tput: No value for $TERM and no -T specified
2024-10-18 10:54:08.502 | tput: No value for $TERM and no -T specified
2024-10-18 10:54:08.506 | tput: No value for $TERM and no -T specified
2024-10-18 10:54:08.508 | tput: No value for $TERM and no -T specified
2024-10-18 10:54:08.515 | tput: No value for $TERM and no -T specified
2024-10-18 10:54:08.515 | ++functions-common:is_service_enabled:2077  return 1
2024-10-18 10:54:08.517 | tput: No value for $TERM and no -T specified
2024-10-18 10:54:08.523 | tput: No value for $TERM and no -T specified
2024-10-18 10:54:08.523 | ++lib/neutron:source:67                     GITDIR["python-neutronclient"]=/opt/stack/python-neutronclient
2024-10-18 10:54:08.525 | tput: No value for $TERM and no -T specified
2024-10-18 10:54:08.530 | tput: No value for $TERM and no -T specified
2024-10-18 10:54:08.531 | ++lib/neutron:source:70                     NEUTRON_DIR=/opt/stack/neutron
2024-10-18 10:54:08.535 | tput: No value for $TERM and no -T specified
2024-10-18 10:54:08.540 | tput: No value for $TERM and no -T specified
2024-10-18 10:54:08.541 | ++lib/neutron:source:71                     NEUTRON_FWAAS_DIR=/opt/stack/neutron-fwaas
2024-10-18 10:54:08.543 | tput: No value for $TERM and no -T specified
2024-10-18 10:54:08.548 | tput: No value for $TERM and no -T specified
2024-10-18 10:54:08.548 | ++lib/neutron:source:74                     [[ -d /opt/stack/neutron/bin/neutron-server ]]
2024-10-18 10:54:08.551 | tput: No value for $TERM and no -T specified
2024-10-18 10:54:08.556 | tput: No value for $TERM and no -T specified
2024-10-18 10:54:08.556 | +++lib/neutron:source:77                     get_python_exec_prefix
2024-10-18 10:54:08.559 | tput: No value for $TERM and no -T specified
2024-10-18 10:54:08.563 | tput: No value for $TERM and no -T specified
2024-10-18 10:54:08.567 | tput: tput: No value for $TERM and no -T specified
2024-10-18 10:54:08.567 | No value for $TERM and no -T specified
2024-10-18 10:54:08.571 | tput: No value for $TERM and no -T specified
2024-10-18 10:54:08.572 | tput: No value for $TERM and no -T specified
2024-10-18 10:54:08.576 | tput: No value for $TERM and no -T specified
2024-10-18 10:54:08.580 | tput: No value for $TERM and no -T specified
2024-10-18 10:54:08.582 | tput: No value for $TERM and no -T specified
2024-10-18 10:54:08.586 | tput: No value for $TERM and no -T specified
2024-10-18 10:54:08.588 | tput: No value for $TERM and no -T specified
2024-10-18 10:54:08.592 | tput: No value for $TERM and no -T specified
2024-10-18 10:54:08.592 | +++inc/python:get_python_exec_prefix:83      [[ True == \T\r\u\e ]]
2024-10-18 10:54:08.593 | tput: No value for $TERM and no -T specified
2024-10-18 10:54:08.597 | tput: No value for $TERM and no -T specified
2024-10-18 10:54:08.597 | +++inc/python:get_python_exec_prefix:84      echo /opt/stack/data/venv/bin
2024-10-18 10:54:08.599 | tput: No value for $TERM and no -T specified
2024-10-18 10:54:08.603 | tput: No value for $TERM and no -T specified
2024-10-18 10:54:08.603 | ++lib/neutron:source:77                     NEUTRON_BIN_DIR=/opt/stack/data/venv/bin
2024-10-18 10:54:08.605 | tput: No value for $TERM and no -T specified
2024-10-18 10:54:08.608 | tput: No value for $TERM and no -T specified
2024-10-18 10:54:08.608 | ++lib/neutron:source:80                     NEUTRON_CONF_DIR=/etc/neutron
2024-10-18 10:54:08.611 | tput: No value for $TERM and no -T specified
2024-10-18 10:54:08.615 | tput: No value for $TERM and no -T specified
2024-10-18 10:54:08.615 | ++lib/neutron:source:81                     NEUTRON_CONF=/etc/neutron/neutron.conf
2024-10-18 10:54:08.616 | tput: No value for $TERM and no -T specified
2024-10-18 10:54:08.621 | tput: No value for $TERM and no -T specified
2024-10-18 10:54:08.622 | ++lib/neutron:source:82                     export NEUTRON_TEST_CONFIG_FILE=/etc/neutron/debug.ini
2024-10-18 10:54:08.624 | tput: No value for $TERM and no -T specified
2024-10-18 10:54:08.628 | tput: No value for $TERM and no -T specified
2024-10-18 10:54:08.628 | ++lib/neutron:source:82                     NEUTRON_TEST_CONFIG_FILE=/etc/neutron/debug.ini
2024-10-18 10:54:08.630 | tput: No value for $TERM and no -T specified
2024-10-18 10:54:08.635 | tput: No value for $TERM and no -T specified
2024-10-18 10:54:08.635 | +++lib/neutron:source:89                     trueorfalse False NEUTRON_DEPLOY_MOD_WSGI
2024-10-18 10:54:08.637 | tput: No value for $TERM and no -T specified
2024-10-18 10:54:08.642 | tput: No value for $TERM and no -T specified
2024-10-18 10:54:08.645 | tput: tput: No value for $TERM and no -T specified
2024-10-18 10:54:08.645 | No value for $TERM and no -T specified
2024-10-18 10:54:08.649 | tput: No value for $TERM and no -T specified
2024-10-18 10:54:08.650 | tput: No value for $TERM and no -T specified
2024-10-18 10:54:08.653 | tput: No value for $TERM and no -T specified
2024-10-18 10:54:08.656 | tput: No value for $TERM and no -T specified
2024-10-18 10:54:08.657 | tput: No value for $TERM and no -T specified
2024-10-18 10:54:08.661 | tput: No value for $TERM and no -T specified
2024-10-18 10:54:08.663 | tput: No value for $TERM and no -T specified
2024-10-18 10:54:08.666 | tput: No value for $TERM and no -T specified
2024-10-18 10:54:08.666 | ++lib/neutron:source:89                     NEUTRON_DEPLOY_MOD_WSGI=False
2024-10-18 10:54:08.667 | tput: No value for $TERM and no -T specified
2024-10-18 10:54:08.671 | tput: No value for $TERM and no -T specified
2024-10-18 10:54:08.671 | ++lib/neutron:source:91                     NEUTRON_UWSGI=neutron.wsgi.api:application
2024-10-18 10:54:08.673 | tput: No value for $TERM and no -T specified
2024-10-18 10:54:08.676 | tput: No value for $TERM and no -T specified
2024-10-18 10:54:08.676 | ++lib/neutron:source:92                     NEUTRON_UWSGI_CONF=/etc/neutron/neutron-api-uwsgi.ini
2024-10-18 10:54:08.679 | tput: No value for $TERM and no -T specified
2024-10-18 10:54:08.682 | tput: No value for $TERM and no -T specified
2024-10-18 10:54:08.683 | +++lib/neutron:source:98                     trueorfalse True NEUTRON_ENFORCE_SCOPE
2024-10-18 10:54:08.684 | tput: No value for $TERM and no -T specified
2024-10-18 10:54:08.689 | tput: No value for $TERM and no -T specified
2024-10-18 10:54:08.691 | tput: No value for $TERM and no -T specified
2024-10-18 10:54:08.692 | tput: No value for $TERM and no -T specified
2024-10-18 10:54:08.696 | tput: No value for $TERM and no -T specified
2024-10-18 10:54:08.697 | tput: No value for $TERM and no -T specified
2024-10-18 10:54:08.701 | tput: No value for $TERM and no -T specified
2024-10-18 10:54:08.704 | tput: No value for $TERM and no -T specified
2024-10-18 10:54:08.705 | tput: No value for $TERM and no -T specified
2024-10-18 10:54:08.709 | tput: No value for $TERM and no -T specified
2024-10-18 10:54:08.710 | tput: No value for $TERM and no -T specified
2024-10-18 10:54:08.714 | tput: No value for $TERM and no -T specified
2024-10-18 10:54:08.714 | ++lib/neutron:source:98                     NEUTRON_ENFORCE_SCOPE=True
2024-10-18 10:54:08.716 | tput: No value for $TERM and no -T specified
2024-10-18 10:54:08.719 | tput: No value for $TERM and no -T specified
2024-10-18 10:54:08.719 | ++lib/neutron:source:102                    AGENT_DHCP_BINARY=/opt/stack/data/venv/bin/neutron-dhcp-agent
2024-10-18 10:54:08.721 | tput: No value for $TERM and no -T specified
2024-10-18 10:54:08.725 | tput: No value for $TERM and no -T specified
2024-10-18 10:54:08.725 | ++lib/neutron:source:103                    AGENT_L3_BINARY=/opt/stack/data/venv/bin/neutron-l3-agent
2024-10-18 10:54:08.726 | tput: No value for $TERM and no -T specified
2024-10-18 10:54:08.729 | tput: No value for $TERM and no -T specified
2024-10-18 10:54:08.730 | ++lib/neutron:source:104                    AGENT_META_BINARY=/opt/stack/data/venv/bin/neutron-metadata-agent
2024-10-18 10:54:08.731 | tput: No value for $TERM and no -T specified
