2024-10-12 17:06:55.043 | tput: No value for $TERM and no -T specified
2024-10-12 17:06:55.043 | tput: No value for $TERM and no -T specified
2024-10-12 17:06:55.044 | +./stack.sh:main:515                       exec
2024-10-12 17:06:55.044 | tput: No value for $TERM and no -T specified
2024-10-12 17:06:55.044 | tput: No value for $TERM and no -T specified
2024-10-12 17:06:55.044 | tput: No value for $TERM and no -T specified
2024-10-12 17:06:55.044 | +./stack.sh:main:523                       echo_summary 'stack.sh log /tmp/devstack_logs/devstacklog.txt.2024-10-12-170654'
2024-10-12 17:06:55.044 | tput: No value for $TERM and no -T specified
2024-10-12 17:06:55.044 | tput: No value for $TERM and no -T specified
2024-10-12 17:06:55.044 | ++./stack.sh:main:515                       /usr/bin/python3.10 /opt/stack/devstack/tools/outfilter.py -o /tmp/devstack_logs/devstacklog.txt.2024-10-12-170654.summary.2024-10-12-170654
2024-10-12 17:06:55.044 | tput: No value for $TERM and no -T specified
2024-10-12 17:06:55.044 | +./stack.sh:echo_summary:468               [[ -t 3 ]]
2024-10-12 17:06:55.044 | tput: No value for $TERM and no -T specified
2024-10-12 17:06:55.044 | tput: No value for $TERM and no -T specified
2024-10-12 17:06:55.044 | +./stack.sh:echo_summary:474               echo -e stack.sh log /tmp/devstack_logs/devstacklog.txt.2024-10-12-170654
2024-10-12 17:06:55.044 | tput: No value for $TERM and no -T specified
2024-10-12 17:06:55.044 | tput: No value for $TERM and no -T specified
2024-10-12 17:06:55.044 | +./stack.sh:main:525                       ln -sf /tmp/devstack_logs/devstacklog.txt.2024-10-12-170654 /tmp/devstack_logs/devstacklog.txt
2024-10-12 17:06:55.044 | tput: No value for $TERM and no -T specified
2024-10-12 17:06:55.044 | tput: No value for $TERM and no -T specified
2024-10-12 17:06:55.044 | +./stack.sh:main:526                       ln -sf /tmp/devstack_logs/devstacklog.txt.2024-10-12-170654.summary.2024-10-12-170654 /tmp/devstack_logs/devstacklog.txt.summary
2024-10-12 17:06:55.044 | tput: No value for $TERM and no -T specified
2024-10-12 17:06:55.044 | tput: No value for $TERM and no -T specified
2024-10-12 17:06:55.044 | +./stack.sh:main:541                       check_path_perm_sanity /opt/stack
2024-10-12 17:06:55.044 | tput: No value for $TERM and no -T specified
2024-10-12 17:06:55.044 | tput: No value for $TERM and no -T specified
2024-10-12 17:06:55.044 | +functions:check_path_perm_sanity:607      local real_path
2024-10-12 17:06:55.044 | tput: No value for $TERM and no -T specified
2024-10-12 17:06:55.047 | tput: No value for $TERM and no -T specified
2024-10-12 17:06:55.047 | ++functions:check_path_perm_sanity:608      readlink -f /opt/stack
2024-10-12 17:06:55.049 | tput: No value for $TERM and no -T specified
2024-10-12 17:06:55.051 | tput: No value for $TERM and no -T specified
2024-10-12 17:06:55.052 | +functions:check_path_perm_sanity:608      real_path=/opt/stack
2024-10-12 17:06:55.052 | tput: No value for $TERM and no -T specified
2024-10-12 17:06:55.055 | tput: No value for $TERM and no -T specified
2024-10-12 17:06:55.055 | +functions:check_path_perm_sanity:609      local rebuilt_path=
2024-10-12 17:06:55.057 | tput: No value for $TERM and no -T specified
2024-10-12 17:06:55.058 | tput: No value for $TERM and no -T specified
2024-10-12 17:06:55.060 | tput: No value for $TERM and no -T specified
2024-10-12 17:06:55.060 | ++functions:check_path_perm_sanity:610      echo /opt/stack
2024-10-12 17:06:55.061 | tput: No value for $TERM and no -T specified
2024-10-12 17:06:55.061 | ++functions:check_path_perm_sanity:610      tr / ' '
2024-10-12 17:06:55.063 | tput: No value for $TERM and no -T specified
2024-10-12 17:06:55.066 | tput: No value for $TERM and no -T specified
2024-10-12 17:06:55.066 | +functions:check_path_perm_sanity:610      for i in $(echo ${real_path} | tr "/" " ")
2024-10-12 17:06:55.067 | tput: No value for $TERM and no -T specified
2024-10-12 17:06:55.070 | tput: No value for $TERM and no -T specified
2024-10-12 17:06:55.070 | +functions:check_path_perm_sanity:611      rebuilt_path=/opt
2024-10-12 17:06:55.072 | tput: No value for $TERM and no -T specified
2024-10-12 17:06:55.074 | tput: No value for $TERM and no -T specified
2024-10-12 17:06:55.074 | ++functions:check_path_perm_sanity:613      stat -c %a /opt
2024-10-12 17:06:55.077 | tput: No value for $TERM and no -T specified
2024-10-12 17:06:55.080 | tput: No value for $TERM and no -T specified
2024-10-12 17:06:55.081 | +functions:check_path_perm_sanity:613      [[ 755 = 700 ]]
2024-10-12 17:06:55.082 | tput: No value for $TERM and no -T specified
2024-10-12 17:06:55.085 | tput: No value for $TERM and no -T specified
2024-10-12 17:06:55.085 | +functions:check_path_perm_sanity:610      for i in $(echo ${real_path} | tr "/" " ")
2024-10-12 17:06:55.088 | tput: No value for $TERM and no -T specified
2024-10-12 17:06:55.091 | tput: No value for $TERM and no -T specified
2024-10-12 17:06:55.091 | +functions:check_path_perm_sanity:611      rebuilt_path=/opt/stack
2024-10-12 17:06:55.093 | tput: No value for $TERM and no -T specified
2024-10-12 17:06:55.097 | tput: No value for $TERM and no -T specified
2024-10-12 17:06:55.097 | ++functions:check_path_perm_sanity:613      stat -c %a /opt/stack
2024-10-12 17:06:55.100 | tput: No value for $TERM and no -T specified
2024-10-12 17:06:55.104 | tput: No value for $TERM and no -T specified
2024-10-12 17:06:55.105 | +functions:check_path_perm_sanity:613      [[ 777 = 700 ]]
2024-10-12 17:06:55.106 | tput: No value for $TERM and no -T specified
2024-10-12 17:06:55.110 | tput: No value for $TERM and no -T specified
2024-10-12 17:06:55.110 | +./stack.sh:main:547                       trap exit_trap EXIT
2024-10-12 17:06:55.113 | tput: No value for $TERM and no -T specified
2024-10-12 17:06:55.118 | tput: No value for $TERM and no -T specified
2024-10-12 17:06:55.118 | +./stack.sh:main:588                       trap err_trap ERR
2024-10-12 17:06:55.121 | tput: No value for $TERM and no -T specified
2024-10-12 17:06:55.125 | tput: No value for $TERM and no -T specified
2024-10-12 17:06:55.125 | +./stack.sh:main:601                       set -o errexit
2024-10-12 17:06:55.128 | tput: No value for $TERM and no -T specified
2024-10-12 17:06:55.133 | tput: No value for $TERM and no -T specified
2024-10-12 17:06:55.133 | +./stack.sh:main:604                       uname -a
2024-10-12 17:06:55.135 | Linux jammy-provider-cloud-0000007712 5.15.0-107-generic #117-Ubuntu SMP Fri Apr 26 12:26:49 UTC 2024 x86_64 x86_64 x86_64 GNU/Linux
2024-10-12 17:06:55.137 | tput: No value for $TERM and no -T specified
2024-10-12 17:06:55.143 | tput: No value for $TERM and no -T specified
2024-10-12 17:06:55.143 | +./stack.sh:main:607                       SSL_BUNDLE_FILE=/opt/stack/data/ca-bundle.pem
2024-10-12 17:06:55.146 | tput: No value for $TERM and no -T specified
2024-10-12 17:06:55.153 | tput: No value for $TERM and no -T specified
2024-10-12 17:06:55.153 | +./stack.sh:main:608                       rm -f /opt/stack/data/ca-bundle.pem
2024-10-12 17:06:55.157 | tput: No value for $TERM and no -T specified
2024-10-12 17:06:55.164 | tput: No value for $TERM and no -T specified
2024-10-12 17:06:55.164 | +./stack.sh:main:611                       source /opt/stack/devstack/lib/database
2024-10-12 17:06:55.169 | tput: No value for $TERM and no -T specified
2024-10-12 17:06:55.169 | tput: No value for $TERM and no -T specified
2024-10-12 17:06:55.176 | tput: No value for $TERM and no -T specified
2024-10-12 17:06:55.176 | tput: No value for $TERM and no -T specified
2024-10-12 17:06:55.180 | tput: No value for $TERM and no -T specified
2024-10-12 17:06:55.186 | tput: No value for $TERM and no -T specified
2024-10-12 17:06:55.189 | tput: No value for $TERM and no -T specified
2024-10-12 17:06:55.193 | tput: No value for $TERM and no -T specified
2024-10-12 17:06:55.230 | tput: No value for $TERM and no -T specified
2024-10-12 17:06:55.235 | tput: No value for $TERM and no -T specified
2024-10-12 17:06:55.235 | +./stack.sh:main:612                       source /opt/stack/devstack/lib/rpc_backend
2024-10-12 17:06:55.240 | tput: No value for $TERM and no -T specified
2024-10-12 17:06:55.240 | tput: No value for $TERM and no -T specified
2024-10-12 17:06:55.246 | tput: No value for $TERM and no -T specified
2024-10-12 17:06:55.247 | tput: No value for $TERM and no -T specified
2024-10-12 17:06:55.252 | tput: No value for $TERM and no -T specified
2024-10-12 17:06:55.256 | tput: No value for $TERM and no -T specified
2024-10-12 17:06:55.258 | tput: No value for $TERM and no -T specified
2024-10-12 17:06:55.263 | tput: No value for $TERM and no -T specified
2024-10-12 17:06:55.271 | tput: No value for $TERM and no -T specified
2024-10-12 17:06:55.276 | tput: No value for $TERM and no -T specified
2024-10-12 17:06:55.276 | +./stack.sh:main:618                       fetch_plugins
2024-10-12 17:06:55.278 | tput: No value for $TERM and no -T specified
2024-10-12 17:06:55.285 | tput: No value for $TERM and no -T specified
2024-10-12 17:06:55.285 | +functions-common:fetch_plugins:1767       local plugins=
2024-10-12 17:06:55.288 | tput: No value for $TERM and no -T specified
2024-10-12 17:06:55.293 | tput: No value for $TERM and no -T specified
2024-10-12 17:06:55.294 | +functions-common:fetch_plugins:1768       local plugin
2024-10-12 17:06:55.296 | tput: No value for $TERM and no -T specified
2024-10-12 17:06:55.301 | tput: No value for $TERM and no -T specified
2024-10-12 17:06:55.301 | +functions-common:fetch_plugins:1771       [[ -z '' ]]
2024-10-12 17:06:55.304 | tput: No value for $TERM and no -T specified
2024-10-12 17:06:55.309 | tput: No value for $TERM and no -T specified
2024-10-12 17:06:55.309 | +functions-common:fetch_plugins:1772       return
2024-10-12 17:06:55.313 | tput: No value for $TERM and no -T specified
2024-10-12 17:06:55.318 | tput: No value for $TERM and no -T specified
2024-10-12 17:06:55.318 | +./stack.sh:main:622                       run_phase override_defaults
2024-10-12 17:06:55.322 | tput: No value for $TERM and no -T specified
2024-10-12 17:06:55.328 | tput: No value for $TERM and no -T specified
2024-10-12 17:06:55.329 | +functions-common:run_phase:1849           local mode=override_defaults
2024-10-12 17:06:55.331 | tput: No value for $TERM and no -T specified
2024-10-12 17:06:55.337 | tput: No value for $TERM and no -T specified
2024-10-12 17:06:55.337 | +functions-common:run_phase:1850           local phase=
2024-10-12 17:06:55.339 | tput: No value for $TERM and no -T specified
2024-10-12 17:06:55.346 | tput: No value for $TERM and no -T specified
2024-10-12 17:06:55.346 | +functions-common:run_phase:1851           [[ -d /opt/stack/devstack/extras.d ]]
2024-10-12 17:06:55.348 | tput: No value for $TERM and no -T specified
2024-10-12 17:06:55.354 | tput: No value for $TERM and no -T specified
2024-10-12 17:06:55.355 | +functions-common:run_phase:1852           local extra_plugin_file_name
2024-10-12 17:06:55.357 | tput: No value for $TERM and no -T specified
2024-10-12 17:06:55.364 | tput: No value for $TERM and no -T specified
2024-10-12 17:06:55.364 | +functions-common:run_phase:1853           for extra_plugin_file_name in $TOP_DIR/extras.d/*.sh
2024-10-12 17:06:55.367 | tput: No value for $TERM and no -T specified
2024-10-12 17:06:55.373 | tput: No value for $TERM and no -T specified
2024-10-12 17:06:55.374 | +functions-common:run_phase:1858           local exceptions=80-tempest.sh
2024-10-12 17:06:55.377 | tput: No value for $TERM and no -T specified
2024-10-12 17:06:55.383 | tput: No value for $TERM and no -T specified
2024-10-12 17:06:55.383 | +functions-common:run_phase:1859           local extra
2024-10-12 17:06:55.387 | tput: No value for $TERM and no -T specified
2024-10-12 17:06:55.394 | tput: No value for $TERM and no -T specified
2024-10-12 17:06:55.394 | ++functions-common:run_phase:1860           basename /opt/stack/devstack/extras.d/80-tempest.sh
2024-10-12 17:06:55.399 | tput: No value for $TERM and no -T specified
2024-10-12 17:06:55.405 | tput: No value for $TERM and no -T specified
2024-10-12 17:06:55.406 | +functions-common:run_phase:1860           extra=80-tempest.sh
2024-10-12 17:06:55.409 | tput: No value for $TERM and no -T specified
2024-10-12 17:06:55.416 | tput: No value for $TERM and no -T specified
2024-10-12 17:06:55.416 | +functions-common:run_phase:1861           [[ 80-tempest.sh =~ 80-tempest\.sh ]]
2024-10-12 17:06:55.419 | tput: No value for $TERM and no -T specified
2024-10-12 17:06:55.428 | tput: No value for $TERM and no -T specified
2024-10-12 17:06:55.428 | +functions-common:run_phase:1865           [[ -r /opt/stack/devstack/extras.d/80-tempest.sh ]]
2024-10-12 17:06:55.430 | tput: No value for $TERM and no -T specified
2024-10-12 17:06:55.437 | tput: No value for $TERM and no -T specified
2024-10-12 17:06:55.437 | +functions-common:run_phase:1865           source /opt/stack/devstack/extras.d/80-tempest.sh override_defaults
2024-10-12 17:06:55.440 | tput: No value for $TERM and no -T specified
2024-10-12 17:06:55.447 | tput: No value for $TERM and no -T specified
2024-10-12 17:06:55.447 | ++extras.d/80-tempest.sh:source:3           is_service_enabled tempest
2024-10-12 17:06:55.449 | tput: No value for $TERM and no -T specified
2024-10-12 17:06:55.455 | tput: No value for $TERM and no -T specified
2024-10-12 17:06:55.460 | tput: No value for $TERM and no -T specified
2024-10-12 17:06:55.460 | tput: No value for $TERM and no -T specified
2024-10-12 17:06:55.467 | tput: No value for $TERM and no -T specified
2024-10-12 17:06:55.469 | tput: No value for $TERM and no -T specified
2024-10-12 17:06:55.472 | tput: No value for $TERM and no -T specified
2024-10-12 17:06:55.476 | tput: No value for $TERM and no -T specified
2024-10-12 17:06:55.479 | tput: No value for $TERM and no -T specified
2024-10-12 17:06:55.484 | tput: No value for $TERM and no -T specified
2024-10-12 17:06:55.488 | tput: No value for $TERM and no -T specified
2024-10-12 17:06:55.492 | tput: No value for $TERM and no -T specified
2024-10-12 17:06:55.493 | ++functions-common:is_service_enabled:2077  return 0
2024-10-12 17:06:55.495 | tput: No value for $TERM and no -T specified
2024-10-12 17:06:55.499 | tput: No value for $TERM and no -T specified
2024-10-12 17:06:55.499 | ++extras.d/80-tempest.sh:source:4           [[ override_defaults == \s\o\u\r\c\e ]]
2024-10-12 17:06:55.501 | tput: No value for $TERM and no -T specified
2024-10-12 17:06:55.506 | tput: No value for $TERM and no -T specified
2024-10-12 17:06:55.506 | ++extras.d/80-tempest.sh:source:7           [[ override_defaults == \s\t\a\c\k ]]
2024-10-12 17:06:55.509 | tput: No value for $TERM and no -T specified
2024-10-12 17:06:55.515 | tput: No value for $TERM and no -T specified
2024-10-12 17:06:55.515 | ++extras.d/80-tempest.sh:source:10          [[ override_defaults == \s\t\a\c\k ]]
2024-10-12 17:06:55.517 | tput: No value for $TERM and no -T specified
2024-10-12 17:06:55.524 | tput: No value for $TERM and no -T specified
2024-10-12 17:06:55.524 | ++extras.d/80-tempest.sh:source:13          [[ override_defaults == \s\t\a\c\k ]]
2024-10-12 17:06:55.526 | tput: No value for $TERM and no -T specified
2024-10-12 17:06:55.534 | tput: No value for $TERM and no -T specified
2024-10-12 17:06:55.534 | ++extras.d/80-tempest.sh:source:16          [[ override_defaults == \s\t\a\c\k ]]
2024-10-12 17:06:55.538 | tput: No value for $TERM and no -T specified
2024-10-12 17:06:55.545 | tput: No value for $TERM and no -T specified
2024-10-12 17:06:55.545 | ++extras.d/80-tempest.sh:source:19          [[ override_defaults == \s\t\a\c\k ]]
2024-10-12 17:06:55.547 | tput: No value for $TERM and no -T specified
2024-10-12 17:06:55.554 | tput: No value for $TERM and no -T specified
2024-10-12 17:06:55.555 | ++extras.d/80-tempest.sh:source:27          [[ override_defaults == \u\n\s\t\a\c\k ]]
2024-10-12 17:06:55.557 | tput: No value for $TERM and no -T specified
2024-10-12 17:06:55.564 | tput: No value for $TERM and no -T specified
2024-10-12 17:06:55.565 | ++extras.d/80-tempest.sh:source:32          [[ override_defaults == \c\l\e\a\n ]]
2024-10-12 17:06:55.567 | tput: No value for $TERM and no -T specified
2024-10-12 17:06:55.574 | tput: No value for $TERM and no -T specified
2024-10-12 17:06:55.575 | +functions-common:run_phase:1870           [[ override_defaults == \s\o\u\r\c\e ]]
2024-10-12 17:06:55.578 | tput: No value for $TERM and no -T specified
2024-10-12 17:06:55.585 | tput: No value for $TERM and no -T specified
2024-10-12 17:06:55.585 | +functions-common:run_phase:1873           [[ override_defaults == \o\v\e\r\r\i\d\e\_\d\e\f\a\u\l\t\s ]]
2024-10-12 17:06:55.588 | tput: No value for $TERM and no -T specified
2024-10-12 17:06:55.595 | tput: No value for $TERM and no -T specified
2024-10-12 17:06:55.595 | +functions-common:run_phase:1874           plugin_override_defaults
2024-10-12 17:06:55.598 | tput: No value for $TERM and no -T specified
2024-10-12 17:06:55.605 | tput: No value for $TERM and no -T specified
2024-10-12 17:06:55.605 | +functions-common:plugin_override_defaults:1808  local plugins=
2024-10-12 17:06:55.608 | tput: No value for $TERM and no -T specified
2024-10-12 17:06:55.615 | tput: No value for $TERM and no -T specified
2024-10-12 17:06:55.615 | +functions-common:plugin_override_defaults:1809  local plugin
2024-10-12 17:06:55.619 | tput: No value for $TERM and no -T specified
2024-10-12 17:06:55.626 | tput: No value for $TERM and no -T specified
2024-10-12 17:06:55.626 | +functions-common:plugin_override_defaults:1812  [[ -z '' ]]
2024-10-12 17:06:55.629 | tput: No value for $TERM and no -T specified
2024-10-12 17:06:55.635 | tput: No value for $TERM and no -T specified
2024-10-12 17:06:55.636 | +functions-common:plugin_override_defaults:1813  return
2024-10-12 17:06:55.638 | tput: No value for $TERM and no -T specified
2024-10-12 17:06:55.645 | tput: No value for $TERM and no -T specified
2024-10-12 17:06:55.645 | +./stack.sh:main:625                       source /opt/stack/devstack/lib/apache
2024-10-12 17:06:55.651 | tput: No value for $TERM and no -T specified
2024-10-12 17:06:55.652 | tput: No value for $TERM and no -T specified
2024-10-12 17:06:55.659 | tput: No value for $TERM and no -T specified
2024-10-12 17:06:55.659 | tput: No value for $TERM and no -T specified
2024-10-12 17:06:55.665 | tput: No value for $TERM and no -T specified
2024-10-12 17:06:55.670 | tput: No value for $TERM and no -T specified
2024-10-12 17:06:55.672 | tput: No value for $TERM and no -T specified
2024-10-12 17:06:55.678 | tput: No value for $TERM and no -T specified
2024-10-12 17:06:55.687 | tput: No value for $TERM and no -T specified
2024-10-12 17:06:55.693 | tput: No value for $TERM and no -T specified
2024-10-12 17:06:55.693 | +./stack.sh:main:628                       source /opt/stack/devstack/lib/tls
2024-10-12 17:06:55.697 | tput: No value for $TERM and no -T specified
2024-10-12 17:06:55.702 | tput: No value for $TERM and no -T specified
2024-10-12 17:06:55.702 | ++lib/tls:source:38                         is_service_enabled tls-proxy
2024-10-12 17:06:55.705 | tput: No value for $TERM and no -T specified
2024-10-12 17:06:55.712 | tput: No value for $TERM and no -T specified
2024-10-12 17:06:55.716 | tput: No value for $TERM and no -T specified
2024-10-12 17:06:55.716 | tput: No value for $TERM and no -T specified
2024-10-12 17:06:55.721 | tput: No value for $TERM and no -T specified
2024-10-12 17:06:55.724 | tput: No value for $TERM and no -T specified
2024-10-12 17:06:55.728 | tput: No value for $TERM and no -T specified
2024-10-12 17:06:55.732 | tput: No value for $TERM and no -T specified
2024-10-12 17:06:55.734 | tput: No value for $TERM and no -T specified
2024-10-12 17:06:55.738 | tput: No value for $TERM and no -T specified
2024-10-12 17:06:55.740 | tput: No value for $TERM and no -T specified
2024-10-12 17:06:55.746 | tput: No value for $TERM and no -T specified
2024-10-12 17:06:55.746 | ++functions-common:is_service_enabled:2077  return 1
2024-10-12 17:06:55.749 | tput: No value for $TERM and no -T specified
2024-10-12 17:06:55.754 | tput: No value for $TERM and no -T specified
2024-10-12 17:06:55.754 | +++lib/tls:source:43                         hostname -f
2024-10-12 17:06:55.759 | tput: No value for $TERM and no -T specified
2024-10-12 17:06:55.764 | tput: No value for $TERM and no -T specified
2024-10-12 17:06:55.765 | ++lib/tls:source:43                         DEVSTACK_HOSTNAME=localhost
2024-10-12 17:06:55.767 | tput: No value for $TERM and no -T specified
2024-10-12 17:06:55.772 | tput: No value for $TERM and no -T specified
2024-10-12 17:06:55.773 | ++lib/tls:source:44                         DEVSTACK_CERT_NAME=devstack-cert
2024-10-12 17:06:55.775 | tput: No value for $TERM and no -T specified
2024-10-12 17:06:55.781 | tput: No value for $TERM and no -T specified
2024-10-12 17:06:55.781 | ++lib/tls:source:45                         DEVSTACK_CERT=/opt/stack/data/devstack-cert.pem
2024-10-12 17:06:55.784 | tput: No value for $TERM and no -T specified
2024-10-12 17:06:55.790 | tput: No value for $TERM and no -T specified
2024-10-12 17:06:55.790 | ++lib/tls:source:48                         ROOT_CA_DIR=/opt/stack/data/CA/root-ca
2024-10-12 17:06:55.793 | tput: No value for $TERM and no -T specified
2024-10-12 17:06:55.798 | tput: No value for $TERM and no -T specified
2024-10-12 17:06:55.798 | ++lib/tls:source:49                         INT_CA_DIR=/opt/stack/data/CA/int-ca
2024-10-12 17:06:55.801 | tput: No value for $TERM and no -T specified
2024-10-12 17:06:55.808 | tput: No value for $TERM and no -T specified
2024-10-12 17:06:55.808 | ++lib/tls:source:51                         ORG_NAME=OpenStack
2024-10-12 17:06:55.812 | tput: No value for $TERM and no -T specified
2024-10-12 17:06:55.818 | tput: No value for $TERM and no -T specified
2024-10-12 17:06:55.819 | ++lib/tls:source:52                         ORG_UNIT_NAME=DevStack
2024-10-12 17:06:55.821 | tput: No value for $TERM and no -T specified
2024-10-12 17:06:55.828 | tput: No value for $TERM and no -T specified
2024-10-12 17:06:55.828 | ++lib/tls:source:55                         STUD_PROTO=--tls
2024-10-12 17:06:55.832 | tput: No value for $TERM and no -T specified
2024-10-12 17:06:55.838 | tput: No value for $TERM and no -T specified
2024-10-12 17:06:55.838 | ++lib/tls:source:56                         STUD_CIPHERS='TLSv1+HIGH:!DES:!aNULL:!eNULL:@STRENGTH'
2024-10-12 17:06:55.841 | tput: No value for $TERM and no -T specified
2024-10-12 17:06:55.848 | tput: No value for $TERM and no -T specified
2024-10-12 17:06:55.848 | ++lib/tls:source:63                         OPENSSL=/usr/bin/openssl
2024-10-12 17:06:55.859 | tput: No value for $TERM and no -T specified
2024-10-12 17:06:55.867 | tput: No value for $TERM and no -T specified
2024-10-12 17:06:55.867 | +./stack.sh:main:631                       source /opt/stack/devstack/lib/infra
2024-10-12 17:06:55.871 | tput: No value for $TERM and no -T specified
2024-10-12 17:06:55.873 | tput: No value for $TERM and no -T specified
2024-10-12 17:06:55.879 | tput: No value for $TERM and no -T specified
2024-10-12 17:06:55.879 | tput: No value for $TERM and no -T specified
2024-10-12 17:06:55.884 | tput: No value for $TERM and no -T specified
2024-10-12 17:06:55.890 | tput: No value for $TERM and no -T specified
2024-10-12 17:06:55.892 | tput: No value for $TERM and no -T specified
2024-10-12 17:06:55.898 | tput: No value for $TERM and no -T specified
2024-10-12 17:06:55.901 | tput: No value for $TERM and no -T specified
2024-10-12 17:06:55.907 | tput: No value for $TERM and no -T specified
2024-10-12 17:06:55.908 | +./stack.sh:main:632                       source /opt/stack/devstack/lib/libraries
2024-10-12 17:06:55.912 | tput: No value for $TERM and no -T specified
2024-10-12 17:06:55.913 | tput: No value for $TERM and no -T specified
2024-10-12 17:06:55.918 | tput: No value for $TERM and no -T specified
2024-10-12 17:06:55.918 | tput: No value for $TERM and no -T specified
2024-10-12 17:06:55.924 | tput: No value for $TERM and no -T specified
2024-10-12 17:06:55.928 | tput: No value for $TERM and no -T specified
2024-10-12 17:06:55.931 | tput: No value for $TERM and no -T specified
2024-10-12 17:06:55.935 | tput: No value for $TERM and no -T specified
2024-10-12 17:06:55.944 | tput: No value for $TERM and no -T specified
2024-10-12 17:06:55.950 | tput: No value for $TERM and no -T specified
2024-10-12 17:06:55.951 | +./stack.sh:main:633                       source /opt/stack/devstack/lib/lvm
2024-10-12 17:06:55.954 | tput: No value for $TERM and no -T specified
2024-10-12 17:06:55.955 | tput: No value for $TERM and no -T specified
2024-10-12 17:06:55.959 | tput: No value for $TERM and no -T specified
2024-10-12 17:06:55.961 | tput: No value for $TERM and no -T specified
2024-10-12 17:06:55.965 | tput: No value for $TERM and no -T specified
2024-10-12 17:06:55.970 | tput: No value for $TERM and no -T specified
2024-10-12 17:06:55.972 | tput: No value for $TERM and no -T specified
2024-10-12 17:06:55.977 | tput: No value for $TERM and no -T specified
2024-10-12 17:06:55.982 | tput: No value for $TERM and no -T specified
2024-10-12 17:06:55.987 | tput: No value for $TERM and no -T specified
2024-10-12 17:06:55.987 | +./stack.sh:main:634                       source /opt/stack/devstack/lib/horizon
2024-10-12 17:06:55.991 | tput: No value for $TERM and no -T specified
2024-10-12 17:06:55.991 | tput: No value for $TERM and no -T specified
2024-10-12 17:06:55.996 | tput: No value for $TERM and no -T specified
2024-10-12 17:06:55.997 | tput: No value for $TERM and no -T specified
2024-10-12 17:06:56.000 | tput: No value for $TERM and no -T specified
2024-10-12 17:06:56.004 | tput: No value for $TERM and no -T specified
2024-10-12 17:06:56.005 | tput: No value for $TERM and no -T specified
2024-10-12 17:06:56.009 | tput: No value for $TERM and no -T specified
2024-10-12 17:06:56.013 | tput: No value for $TERM and no -T specified
2024-10-12 17:06:56.016 | tput: No value for $TERM and no -T specified
2024-10-12 17:06:56.016 | +./stack.sh:main:635                       source /opt/stack/devstack/lib/keystone
2024-10-12 17:06:56.019 | tput: tput: No value for $TERM and no -T specifiedNo value for $TERM and no -T specified
2024-10-12 17:06:56.019 | 
2024-10-12 17:06:56.023 | tput: No value for $TERM and no -T specified
2024-10-12 17:06:56.024 | tput: No value for $TERM and no -T specified
2024-10-12 17:06:56.028 | tput: No value for $TERM and no -T specified
2024-10-12 17:06:56.031 | tput: No value for $TERM and no -T specified
2024-10-12 17:06:56.033 | tput: No value for $TERM and no -T specified
2024-10-12 17:06:56.037 | tput: No value for $TERM and no -T specified
2024-10-12 17:06:56.060 | tput: No value for $TERM and no -T specified
2024-10-12 17:06:56.065 | tput: No value for $TERM and no -T specified
2024-10-12 17:06:56.066 | +./stack.sh:main:636                       source /opt/stack/devstack/lib/glance
2024-10-12 17:06:56.069 | tput: No value for $TERM and no -T specified
2024-10-12 17:06:56.069 | tput: No value for $TERM and no -T specified
2024-10-12 17:06:56.073 | tput: No value for $TERM and no -T specified
2024-10-12 17:06:56.074 | tput: No value for $TERM and no -T specified
2024-10-12 17:06:56.078 | tput: No value for $TERM and no -T specified
2024-10-12 17:06:56.082 | tput: No value for $TERM and no -T specified
2024-10-12 17:06:56.085 | tput: No value for $TERM and no -T specified
2024-10-12 17:06:56.088 | tput: No value for $TERM and no -T specified
2024-10-12 17:06:56.143 | tput: No value for $TERM and no -T specified
2024-10-12 17:06:56.150 | tput: No value for $TERM and no -T specified
2024-10-12 17:06:56.150 | +./stack.sh:main:637                       source /opt/stack/devstack/lib/nova
2024-10-12 17:06:56.154 | tput: No value for $TERM and no -T specified
2024-10-12 17:06:56.156 | tput: No value for $TERM and no -T specified
2024-10-12 17:06:56.161 | tput: No value for $TERM and no -T specified
2024-10-12 17:06:56.161 | tput: No value for $TERM and no -T specified
2024-10-12 17:06:56.167 | tput: No value for $TERM and no -T specified
2024-10-12 17:06:56.172 | tput: No value for $TERM and no -T specified
2024-10-12 17:06:56.174 | tput: No value for $TERM and no -T specified
2024-10-12 17:06:56.179 | tput: No value for $TERM and no -T specified
2024-10-12 17:06:56.273 | tput: No value for $TERM and no -T specified
2024-10-12 17:06:56.281 | tput: No value for $TERM and no -T specified
2024-10-12 17:06:56.281 | +./stack.sh:main:638                       source /opt/stack/devstack/lib/placement
2024-10-12 17:06:56.286 | tput: No value for $TERM and no -T specified
2024-10-12 17:06:56.286 | tput: No value for $TERM and no -T specified
2024-10-12 17:06:56.292 | tput: No value for $TERM and no -T specified
2024-10-12 17:06:56.292 | tput: No value for $TERM and no -T specified
2024-10-12 17:06:56.298 | tput: No value for $TERM and no -T specified
2024-10-12 17:06:56.303 | tput: No value for $TERM and no -T specified
2024-10-12 17:06:56.304 | tput: No value for $TERM and no -T specified
2024-10-12 17:06:56.309 | tput: No value for $TERM and no -T specified
2024-10-12 17:06:56.328 | tput: No value for $TERM and no -T specified
2024-10-12 17:06:56.334 | tput: No value for $TERM and no -T specified
2024-10-12 17:06:56.334 | +./stack.sh:main:639                       source /opt/stack/devstack/lib/cinder
2024-10-12 17:06:56.337 | tput: No value for $TERM and no -T specified
2024-10-12 17:06:56.338 | tput: No value for $TERM and no -T specified
2024-10-12 17:06:56.342 | tput: No value for $TERM and no -T specified
2024-10-12 17:06:56.345 | tput: No value for $TERM and no -T specified
2024-10-12 17:06:56.347 | tput: No value for $TERM and no -T specified
2024-10-12 17:06:56.352 | tput: No value for $TERM and no -T specified
2024-10-12 17:06:56.354 | tput: No value for $TERM and no -T specified
2024-10-12 17:06:56.358 | tput: No value for $TERM and no -T specified
2024-10-12 17:06:56.414 | tput: No value for $TERM and no -T specified
2024-10-12 17:06:56.421 | tput: No value for $TERM and no -T specified
2024-10-12 17:06:56.421 | +./stack.sh:main:640                       source /opt/stack/devstack/lib/swift
2024-10-12 17:06:56.426 | tput: No value for $TERM and no -T specified
2024-10-12 17:06:56.427 | tput: No value for $TERM and no -T specified
2024-10-12 17:06:56.433 | tput: No value for $TERM and no -T specified
2024-10-12 17:06:56.434 | tput: No value for $TERM and no -T specified
2024-10-12 17:06:56.438 | tput: No value for $TERM and no -T specified
2024-10-12 17:06:56.444 | tput: No value for $TERM and no -T specified
2024-10-12 17:06:56.446 | tput: No value for $TERM and no -T specified
2024-10-12 17:06:56.450 | tput: No value for $TERM and no -T specified
2024-10-12 17:06:56.491 | tput: No value for $TERM and no -T specified
2024-10-12 17:06:56.498 | tput: No value for $TERM and no -T specified
2024-10-12 17:06:56.498 | +./stack.sh:main:641                       source /opt/stack/devstack/lib/neutron
2024-10-12 17:06:56.502 | tput: No value for $TERM and no -T specified
2024-10-12 17:06:56.508 | tput: No value for $TERM and no -T specified
2024-10-12 17:06:56.509 | ++lib/neutron:source:61                     is_service_enabled tls-proxy
2024-10-12 17:06:56.512 | tput: No value for $TERM and no -T specified
2024-10-12 17:06:56.518 | tput: No value for $TERM and no -T specified
2024-10-12 17:06:56.523 | tput: No value for $TERM and no -T specified
2024-10-12 17:06:56.523 | tput: No value for $TERM and no -T specified
2024-10-12 17:06:56.529 | tput: No value for $TERM and no -T specified
2024-10-12 17:06:56.530 | tput: No value for $TERM and no -T specified
2024-10-12 17:06:56.534 | tput: No value for $TERM and no -T specified
2024-10-12 17:06:56.538 | tput: No value for $TERM and no -T specified
2024-10-12 17:06:56.540 | tput: No value for $TERM and no -T specified
2024-10-12 17:06:56.545 | tput: No value for $TERM and no -T specified
2024-10-12 17:06:56.547 | tput: No value for $TERM and no -T specified
2024-10-12 17:06:56.552 | tput: No value for $TERM and no -T specified
2024-10-12 17:06:56.552 | ++functions-common:is_service_enabled:2077  return 1
2024-10-12 17:06:56.554 | tput: No value for $TERM and no -T specified
2024-10-12 17:06:56.560 | tput: No value for $TERM and no -T specified
2024-10-12 17:06:56.560 | ++lib/neutron:source:67                     GITDIR["python-neutronclient"]=/opt/stack/python-neutronclient
2024-10-12 17:06:56.562 | tput: No value for $TERM and no -T specified
2024-10-12 17:06:56.567 | tput: No value for $TERM and no -T specified
2024-10-12 17:06:56.567 | ++lib/neutron:source:70                     NEUTRON_DIR=/opt/stack/neutron
2024-10-12 17:06:56.569 | tput: No value for $TERM and no -T specified
2024-10-12 17:06:56.575 | tput: No value for $TERM and no -T specified
2024-10-12 17:06:56.575 | ++lib/neutron:source:71                     NEUTRON_FWAAS_DIR=/opt/stack/neutron-fwaas
2024-10-12 17:06:56.577 | tput: No value for $TERM and no -T specified
2024-10-12 17:06:56.583 | tput: No value for $TERM and no -T specified
2024-10-12 17:06:56.583 | ++lib/neutron:source:74                     [[ -d /opt/stack/neutron/bin/neutron-server ]]
2024-10-12 17:06:56.587 | tput: No value for $TERM and no -T specified
2024-10-12 17:06:56.593 | tput: No value for $TERM and no -T specified
2024-10-12 17:06:56.593 | +++lib/neutron:source:77                     get_python_exec_prefix
2024-10-12 17:06:56.595 | tput: No value for $TERM and no -T specified
2024-10-12 17:06:56.601 | tput: No value for $TERM and no -T specified
2024-10-12 17:06:56.605 | tput: No value for $TERM and no -T specified
2024-10-12 17:06:56.607 | tput: No value for $TERM and no -T specified
2024-10-12 17:06:56.612 | tput: No value for $TERM and no -T specified
2024-10-12 17:06:56.614 | tput: No value for $TERM and no -T specified
2024-10-12 17:06:56.617 | tput: No value for $TERM and no -T specified
2024-10-12 17:06:56.622 | tput: No value for $TERM and no -T specified
2024-10-12 17:06:56.623 | tput: No value for $TERM and no -T specified
2024-10-12 17:06:56.628 | tput: No value for $TERM and no -T specified
2024-10-12 17:06:56.630 | tput: No value for $TERM and no -T specified
2024-10-12 17:06:56.634 | tput: No value for $TERM and no -T specified
2024-10-12 17:06:56.634 | +++inc/python:get_python_exec_prefix:83      [[ True == \T\r\u\e ]]
2024-10-12 17:06:56.637 | tput: No value for $TERM and no -T specified
2024-10-12 17:06:56.641 | tput: No value for $TERM and no -T specified
2024-10-12 17:06:56.641 | +++inc/python:get_python_exec_prefix:84      echo /opt/stack/data/venv/bin
2024-10-12 17:06:56.644 | tput: No value for $TERM and no -T specified
2024-10-12 17:06:56.650 | tput: No value for $TERM and no -T specified
2024-10-12 17:06:56.650 | ++lib/neutron:source:77                     NEUTRON_BIN_DIR=/opt/stack/data/venv/bin
2024-10-12 17:06:56.652 | tput: No value for $TERM and no -T specified
2024-10-12 17:06:56.657 | tput: No value for $TERM and no -T specified
2024-10-12 17:06:56.657 | ++lib/neutron:source:80                     NEUTRON_CONF_DIR=/etc/neutron
2024-10-12 17:06:56.661 | tput: No value for $TERM and no -T specified
2024-10-12 17:06:56.666 | tput: No value for $TERM and no -T specified
2024-10-12 17:06:56.666 | ++lib/neutron:source:81                     NEUTRON_CONF=/etc/neutron/neutron.conf
2024-10-12 17:06:56.668 | tput: No value for $TERM and no -T specified
2024-10-12 17:06:56.674 | tput: No value for $TERM and no -T specified
2024-10-12 17:06:56.674 | ++lib/neutron:source:82                     export NEUTRON_TEST_CONFIG_FILE=/etc/neutron/debug.ini
2024-10-12 17:06:56.678 | tput: No value for $TERM and no -T specified
2024-10-12 17:06:56.684 | tput: No value for $TERM and no -T specified
2024-10-12 17:06:56.684 | ++lib/neutron:source:82                     NEUTRON_TEST_CONFIG_FILE=/etc/neutron/debug.ini
2024-10-12 17:06:56.688 | tput: No value for $TERM and no -T specified
2024-10-12 17:06:56.696 | tput: No value for $TERM and no -T specified
2024-10-12 17:06:56.696 | +++lib/neutron:source:89                     trueorfalse False NEUTRON_DEPLOY_MOD_WSGI
2024-10-12 17:06:56.699 | tput: No value for $TERM and no -T specified
2024-10-12 17:06:56.706 | tput: No value for $TERM and no -T specified
2024-10-12 17:06:56.711 | tput: No value for $TERM and no -T specified
2024-10-12 17:06:56.711 | tput: No value for $TERM and no -T specified
2024-10-12 17:06:56.717 | tput: No value for $TERM and no -T specified
2024-10-12 17:06:56.720 | tput: No value for $TERM and no -T specified
2024-10-12 17:06:56.724 | tput: No value for $TERM and no -T specified
2024-10-12 17:06:56.730 | tput: No value for $TERM and no -T specified
2024-10-12 17:06:56.732 | tput: No value for $TERM and no -T specified
2024-10-12 17:06:56.737 | tput: No value for $TERM and no -T specified
2024-10-12 17:06:56.741 | tput: No value for $TERM and no -T specified
2024-10-12 17:06:56.747 | tput: No value for $TERM and no -T specified
2024-10-12 17:06:56.748 | ++lib/neutron:source:89                     NEUTRON_DEPLOY_MOD_WSGI=False
2024-10-12 17:06:56.750 | tput: No value for $TERM and no -T specified
2024-10-12 17:06:56.756 | tput: No value for $TERM and no -T specified
2024-10-12 17:06:56.756 | ++lib/neutron:source:91                     NEUTRON_UWSGI=neutron.wsgi.api:application
2024-10-12 17:06:56.759 | tput: No value for $TERM and no -T specified
2024-10-12 17:06:56.766 | tput: No value for $TERM and no -T specified
2024-10-12 17:06:56.766 | ++lib/neutron:source:92                     NEUTRON_UWSGI_CONF=/etc/neutron/neutron-api-uwsgi.ini
2024-10-12 17:06:56.772 | tput: No value for $TERM and no -T specified
2024-10-12 17:06:56.778 | tput: No value for $TERM and no -T specified
2024-10-12 17:06:56.779 | +++lib/neutron:source:98                     trueorfalse True NEUTRON_ENFORCE_SCOPE
2024-10-12 17:06:56.781 | tput: No value for $TERM and no -T specified
2024-10-12 17:06:56.788 | tput: No value for $TERM and no -T specified
2024-10-12 17:06:56.793 | tput: No value for $TERM and no -T specified
2024-10-12 17:06:56.795 | tput: No value for $TERM and no -T specified
2024-10-12 17:06:56.801 | tput: No value for $TERM and no -T specified
2024-10-12 17:06:56.801 | tput: No value for $TERM and no -T specified
2024-10-12 17:06:56.807 | tput: No value for $TERM and no -T specified
2024-10-12 17:06:56.812 | tput: No value for $TERM and no -T specified
2024-10-12 17:06:56.815 | tput: No value for $TERM and no -T specified
2024-10-12 17:06:56.820 | tput: No value for $TERM and no -T specified
2024-10-12 17:06:56.823 | tput: No value for $TERM and no -T specified
2024-10-12 17:06:56.828 | tput: No value for $TERM and no -T specified
2024-10-12 17:06:56.829 | ++lib/neutron:source:98                     NEUTRON_ENFORCE_SCOPE=True
2024-10-12 17:06:56.832 | tput: No value for $TERM and no -T specified
2024-10-12 17:06:56.838 | tput: No value for $TERM and no -T specified
2024-10-12 17:06:56.838 | ++lib/neutron:source:102                    AGENT_DHCP_BINARY=/opt/stack/data/venv/bin/neutron-dhcp-agent
2024-10-12 17:06:56.841 | tput: No value for $TERM and no -T specified
2024-10-12 17:06:56.848 | tput: No value for $TERM and no -T specified
2024-10-12 17:06:56.848 | ++lib/neutron:source:103                    AGENT_L3_BINARY=/opt/stack/data/venv/bin/neutron-l3-agent
2024-10-12 17:06:56.851 | tput: No value for $TERM and no -T specified
2024-10-12 17:06:56.858 | tput: No value for $TERM and no -T specified
2024-10-12 17:06:56.858 | ++lib/neutron:source:104                    AGENT_META_BINARY=/opt/stack/data/venv/bin/neutron-metadata-agent
2024-10-12 17:06:56.861 | tput: No value for $TERM and no -T specified
